0 -0.08 2.32
1e-08 -0.08 2.32
2e-08 -0.12 2.32
3e-08 -0.12 2.32
4e-08 -0.12 2.44
5e-08 -0.08 2.48
6e-08 -0.08 2.52
7e-08 -0.08 2.56
8e-08 -0.12 2.64
9e-08 -0.08 2.64
1e-07 -0.08 2.68
1.1e-07 -0.08 2.72
1.2e-07 -0.08 2.8
1.3e-07 -0.08 2.8
1.4e-07 -0.08 2.84
1.5e-07 -0.12 2.88
1.6e-07 -0.08 2.92
1.7e-07 -0.08 2.92
1.8e-07 -0.12 3
1.9e-07 -0.08 3.04
2e-07 -0.12 3.08
2.1e-07 -0.08 3.12
2.2e-07 -0.12 3.12
2.3e-07 -0.08 3.2
2.4e-07 -0.12 3.2
2.5e-07 -0.12 3.24
2.6e-07 -0.08 3.28
2.7e-07 -0.08 3.28
2.8e-07 -0.08 3.32
2.9e-07 -0.08 3.32
3e-07 -0.08 3.4
3.1e-07 -0.08 3.44
3.2e-07 -0.08 3.44
3.3e-07 -0.08 3.44
3.4e-07 -0.08 3.44
3.5e-07 -0.12 3.52
3.6e-07 -0.08 3.52
3.7e-07 -0.08 3.52
3.8e-07 -0.08 3.6
3.9e-07 -0.08 3.6
4e-07 -0.12 3.64
4.1e-07 -0.08 3.68
4.2e-07 -0.08 3.72
4.3e-07 -0.08 3.72
4.4e-07 -0.08 3.76
4.5e-07 -0.08 3.76
4.6e-07 -0.08 3.8
4.7e-07 -0.12 3.8
4.8e-07 -0.08 3.84
4.9e-07 -0.08 3.84
5e-07 -0.08 3.88
5.1e-07 -0.08 3.88
5.2e-07 -0.08 3.88
5.3e-07 -0.08 3.92
5.4e-07 -0.12 3.92
5.5e-07 -0.08 3.96
5.6e-07 -0.12 3.96
5.7e-07 -0.08 4
5.8e-07 -0.08 4.04
5.9e-07 -0.12 4.04
6e-07 -0.12 4.04
6.1e-07 -0.08 4.08
6.2e-07 -0.12 4.12
6.3e-07 -0.12 4.08
6.4e-07 -0.08 4.12
6.5e-07 -0.12 4.16
6.6e-07 -0.08 4.16
6.7e-07 -0.08 4.12
6.8e-07 -0.08 4.16
6.9e-07 -0.08 4.2
7e-07 -0.08 4.16
7.1e-07 -0.12 4.2
7.2e-07 -0.08 4.24
7.3e-07 -0.08 4.28
7.4e-07 -0.12 4.24
7.5e-07 -0.12 4.28
7.6e-07 -0.12 4.32
7.7e-07 -0.08 4.32
7.8e-07 -0.12 4.32
7.9e-07 -0.08 4.36
8e-07 -0.08 4.36
8.1e-07 -0.12 4.36
8.2e-07 -0.08 4.36
8.3e-07 -0.08 4.4
8.4e-07 -0.12 4.4
8.5e-07 -0.08 4.4
8.6e-07 -0.08 4.4
8.7e-07 -0.08 4.4
8.8e-07 -0.08 4.44
8.9e-07 -0.12 4.44
9e-07 -0.08 4.48
9.1e-07 -0.08 4.48
9.2e-07 -0.08 4.48
9.3e-07 -0.08 4.52
9.4e-07 -0.12 4.48
9.5e-07 -0.12 4.52
9.6e-07 -0.08 4.56
9.7e-07 -0.08 4.52
9.8e-07 -0.08 4.56
9.9e-07 -0.08 4.56
1e-06 -0.08 4.52
1.01e-06 -0.08 4.56
1.02e-06 -0.08 4.56
1.03e-06 -0.08 4.6
1.04e-06 -0.12 4.56
1.05e-06 -0.08 4.6
1.06e-06 -0.12 4.6
1.07e-06 -0.08 4.6
1.08e-06 -0.12 4.56
1.09e-06 -0.12 4.64
1.1e-06 -0.12 4.64
1.11e-06 -0.08 4.64
1.12e-06 -0.08 4.64
1.13e-06 -0.08 4.64
1.14e-06 -0.08 4.68
1.15e-06 -0.12 4.68
1.16e-06 -0.08 4.68
1.17e-06 -0.08 4.68
1.18e-06 -0.08 4.68
1.19e-06 -0.12 4.68
1.2e-06 -0.08 4.68
1.21e-06 -0.08 4.68
1.22e-06 -0.08 4.72
1.23e-06 -0.12 4.72
1.24e-06 -0.12 4.72
1.25e-06 -0.08 4.72
1.26e-06 -0.12 4.72
1.27e-06 -0.08 4.76
1.28e-06 -0.12 4.76
1.29e-06 -0.08 4.8
1.3e-06 -0.08 4.72
1.31e-06 -0.12 4.76
1.32e-06 -0.12 4.76
1.33e-06 -0.12 4.76
1.34e-06 -0.12 4.8
1.35e-06 -0.12 4.76
1.36e-06 -0.08 4.76
1.37e-06 -0.12 4.8
1.38e-06 -0.08 4.76
1.39e-06 -0.08 4.8
1.4e-06 -0.12 4.8
1.41e-06 -0.12 4.84
1.42e-06 -0.08 4.8
1.43e-06 -0.12 4.8
1.44e-06 -0.08 4.84
1.45e-06 -0.08 4.84
1.46e-06 -0.08 4.84
1.47e-06 -0.12 4.84
1.48e-06 -0.08 4.88
1.49e-06 -0.08 4.8
1.5e-06 -0.08 4.84
1.51e-06 -0.12 4.84
1.52e-06 -0.08 4.84
1.53e-06 -0.12 4.84
1.54e-06 -0.12 4.84
1.55e-06 -0.08 4.84
1.56e-06 -0.12 4.84
1.57e-06 -0.08 4.84
1.58e-06 -0.08 4.88
1.59e-06 -0.08 4.88
1.6e-06 -0.08 4.88
1.61e-06 -0.08 4.88
1.62e-06 -0.08 4.88
1.63e-06 -0.08 4.88
1.64e-06 -0.08 4.92
1.65e-06 -0.08 4.88
1.66e-06 -0.12 4.88
1.67e-06 -0.08 4.92
1.68e-06 -0.08 4.88
1.69e-06 -0.12 4.88
1.7e-06 -0.12 4.88
1.71e-06 -0.12 4.88
1.72e-06 -0.12 4.92
1.73e-06 -0.08 4.96
1.74e-06 -0.08 4.92
1.75e-06 -0.12 4.92
1.76e-06 -0.08 4.88
1.77e-06 -0.12 4.92
1.78e-06 -0.08 4.96
1.79e-06 -0.08 4.96
1.8e-06 -0.12 4.96
1.81e-06 -0.12 4.96
1.82e-06 -0.08 4.96
1.83e-06 -0.08 4.96
1.84e-06 -0.12 4.96
1.85e-06 -0.08 4.92
1.86e-06 -0.08 4.96
1.87e-06 -0.12 4.96
1.88e-06 -0.12 4.92
1.89e-06 -0.08 4.96
1.9e-06 -0.08 4.96
1.91e-06 -0.12 4.96
1.92e-06 -0.08 5
1.93e-06 -0.12 4.96
1.94e-06 -0.12 5
1.95e-06 -0.08 5
1.96e-06 -0.12 5
1.97e-06 -0.12 5.04
1.98e-06 -0.08 5
1.99e-06 -0.08 5
2e-06 -0.12 5
2.01e-06 -0.12 5
2.02e-06 -0.08 4.96
2.03e-06 -0.12 4.96
2.04e-06 -0.12 5
2.05e-06 -0.08 5
2.06e-06 -0.12 4.96
2.07e-06 -0.08 4.96
2.08e-06 -0.08 5
2.09e-06 -0.12 5
2.1e-06 -0.08 5
2.11e-06 -0.08 5
2.12e-06 -0.12 5
2.13e-06 -0.08 5
2.14e-06 -0.08 5
2.15e-06 -0.12 5
2.16e-06 -0.08 5
2.17e-06 -0.08 5
2.18e-06 -0.12 5
2.19e-06 -0.12 5
2.2e-06 -0.08 5
2.21e-06 -0.08 5
2.22e-06 -0.12 5
2.23e-06 -0.08 5
2.24e-06 -0.08 5
2.25e-06 -0.12 4.96
2.26e-06 -0.12 5.04
2.27e-06 -0.08 5.04
2.28e-06 -0.12 5
2.29e-06 -0.08 5.04
2.3e-06 -0.08 5.04
2.31e-06 -0.08 5.04
2.32e-06 -0.12 5.04
2.33e-06 -0.08 5.04
2.34e-06 -0.12 5.04
2.35e-06 -0.12 5.04
2.36e-06 -0.12 5.04
2.37e-06 -0.08 5.04
2.38e-06 -0.08 5.04
2.39e-06 -0.12 5
2.4e-06 -0.08 5.04
2.41e-06 -0.12 5
2.42e-06 -0.08 5.04
2.43e-06 -0.12 5.04
2.44e-06 -0.12 5
2.45e-06 -0.08 5.04
2.46e-06 -0.08 5.04
2.47e-06 -0.08 5.04
2.48e-06 -0.08 5.04
2.49e-06 -0.12 5.04
2.5e-06 -0.12 5.04
2.51e-06 -0.08 5.04
2.52e-06 -0.08 5.04
2.53e-06 -0.12 5.04
2.54e-06 -0.08 5.04
2.55e-06 -0.12 5.04
2.56e-06 -0.08 5.04
2.57e-06 -0.08 5.04
2.58e-06 -0.08 5.04
2.59e-06 -0.08 5.04
2.6e-06 -0.12 5.04
2.61e-06 -0.08 5.04
2.62e-06 -0.12 5.04
2.63e-06 -0.08 5.04
2.64e-06 -0.08 5.04
2.65e-06 -0.08 5.04
2.66e-06 -0.08 5.04
2.67e-06 -0.12 5.04
2.68e-06 -0.08 5.08
2.69e-06 -0.12 5.04
2.7e-06 -0.08 5.04
2.71e-06 -0.08 5.04
2.72e-06 -0.08 5.08
2.73e-06 -0.08 5.08
2.74e-06 -0.08 5.04
2.75e-06 -0.12 5.04
2.76e-06 -0.12 5.04
2.77e-06 -0.08 5.04
2.78e-06 -0.08 5.04
2.79e-06 -0.08 5.08
2.8e-06 -0.08 5.08
2.81e-06 -0.08 5.04
2.82e-06 -0.08 5.04
2.83e-06 -0.08 5.08
2.84e-06 -0.12 5.08
2.85e-06 -0.08 5.08
2.86e-06 -0.12 5.04
2.87e-06 -0.08 5.08
2.88e-06 -0.12 5.04
2.89e-06 -0.08 5.04
2.9e-06 -0.08 5.08
2.91e-06 -0.12 5.04
2.92e-06 -0.08 5.04
2.93e-06 -0.12 5.04
2.94e-06 -0.08 5.04
2.95e-06 -0.08 5.08
2.96e-06 -0.08 5.08
2.97e-06 -0.08 5.08
2.98e-06 -0.08 5.04
2.99e-06 -0.08 5.08
3e-06 -0.08 5.08
3.01e-06 -0.08 5.08
3.02e-06 -0.08 5.08
3.03e-06 -0.12 5.08
3.04e-06 -0.08 5.04
3.05e-06 -0.08 5.04
3.06e-06 -0.08 5.08
3.07e-06 -0.08 5.08
3.08e-06 -0.08 5.04
3.09e-06 -0.08 5.04
3.1e-06 -0.08 5.04
3.11e-06 -0.08 5.08
3.12e-06 -0.08 5.04
3.13e-06 -0.12 5.08
3.14e-06 -0.12 5.08
3.15e-06 -0.12 5.04
3.16e-06 -0.12 5.04
3.17e-06 -0.08 5.08
3.18e-06 -0.08 5.12
3.19e-06 -0.08 5.08
3.2e-06 -0.08 5.04
3.21e-06 -0.12 5.08
3.22e-06 -0.12 5.08
3.23e-06 -0.12 5.08
3.24e-06 -0.12 5.04
3.25e-06 -0.08 5.08
3.26e-06 -0.12 5.08
3.27e-06 -0.08 5.04
3.28e-06 -0.12 5.08
3.29e-06 -0.12 5.08
3.3e-06 -0.08 5.08
3.31e-06 -0.08 5.08
3.32e-06 -0.08 5.08
3.33e-06 -0.08 5.12
3.34e-06 -0.12 5.08
3.35e-06 -0.12 5.08
3.36e-06 -0.08 5.12
3.37e-06 -0.08 5.08
3.38e-06 -0.12 5.08
3.39e-06 -0.08 5.04
3.4e-06 -0.08 5.08
3.41e-06 -0.08 5.08
3.42e-06 -0.08 5.04
3.43e-06 -0.08 5.04
3.44e-06 -0.08 5.08
3.45e-06 -0.08 5.04
3.46e-06 -0.08 5.08
3.47e-06 -0.08 5.08
3.48e-06 -0.08 5.08
3.49e-06 -0.12 5.08
3.5e-06 -0.08 5.08
3.51e-06 -0.08 5.08
3.52e-06 -0.08 5.12
3.53e-06 -0.12 5.04
3.54e-06 -0.12 5.08
3.55e-06 -0.08 5.08
3.56e-06 -0.08 5.08
3.57e-06 -0.08 5.08
3.58e-06 -0.08 5.08
3.59e-06 -0.08 5.04
3.6e-06 -0.08 5.08
3.61e-06 -0.12 5.04
3.62e-06 -0.12 5.08
3.63e-06 -0.08 5.12
3.64e-06 -0.08 5.08
3.65e-06 -0.08 5.08
3.66e-06 -0.08 5.08
3.67e-06 -0.08 5.08
3.68e-06 -0.08 5.08
3.69e-06 -0.08 5.08
3.7e-06 -0.08 5.08
3.71e-06 -0.08 5.08
3.72e-06 -0.08 5.12
3.73e-06 -0.08 5.12
3.74e-06 -0.08 5.04
3.75e-06 -0.12 5.08
3.76e-06 -0.12 5.04
3.77e-06 -0.08 5.08
3.78e-06 -0.08 5.12
3.79e-06 -0.08 5.04
3.8e-06 -0.08 5.08
3.81e-06 -0.12 5.08
3.82e-06 -0.08 5.08
3.83e-06 -0.12 5.08
3.84e-06 -0.12 5.08
3.85e-06 -0.12 5.12
3.86e-06 -0.08 5.12
3.87e-06 -0.12 5.08
3.88e-06 -0.12 5.12
3.89e-06 -0.08 5.08
3.9e-06 -0.08 5.12
3.91e-06 -0.08 5.08
3.92e-06 -0.08 5.08
3.93e-06 -0.08 5.12
3.94e-06 -0.08 5.08
3.95e-06 -0.12 5.08
3.96e-06 -0.12 5.12
3.97e-06 -0.08 5.12
3.98e-06 -0.08 5.12
3.99e-06 -0.12 5.12
4e-06 -0.08 5.08
4.01e-06 -0.08 5.12
4.02e-06 -0.08 5.12
4.03e-06 -0.12 5.08
4.04e-06 -0.08 5.12
4.05e-06 -0.08 5.12
4.06e-06 -0.08 5.08
4.07e-06 -0.08 5.08
4.08e-06 -0.08 5.08
4.09e-06 -0.12 5.08
4.1e-06 -0.12 5.08
4.11e-06 -0.08 5.04
4.12e-06 -0.08 5.08
4.13e-06 -0.08 5.08
4.14e-06 -0.08 5.08
4.15e-06 -0.08 5.12
4.16e-06 -0.08 5.12
4.17e-06 -0.08 5.08
4.18e-06 -0.12 5.08
4.19e-06 -0.08 5.12
4.2e-06 -0.12 5.08
4.21e-06 -0.08 5.08
4.22e-06 -0.12 5.12
4.23e-06 -0.08 5.08
4.24e-06 -0.12 5.08
4.25e-06 -0.12 5.08
4.26e-06 -0.12 5.08
4.27e-06 -0.08 5.08
4.28e-06 -0.12 5.08
4.29e-06 -0.12 5.12
4.3e-06 -0.08 5.08
4.31e-06 -0.12 5.12
4.32e-06 -0.12 5.08
4.33e-06 -0.08 5.12
4.34e-06 -0.08 5.12
4.35e-06 -0.12 5.12
4.36e-06 -0.12 5.12
4.37e-06 -0.08 5.12
4.38e-06 -0.08 5.08
4.39e-06 -0.08 5.12
4.4e-06 -0.08 5.08
4.41e-06 -0.08 5.12
4.42e-06 -0.12 5.12
4.43e-06 -0.08 5.08
4.44e-06 -0.12 5.08
4.45e-06 -0.08 5.08
4.46e-06 -0.08 5.12
4.47e-06 -0.08 5.08
4.48e-06 -0.12 5.08
4.49e-06 -0.08 5.12
4.5e-06 -0.08 5.08
4.51e-06 -0.12 5.08
4.52e-06 -0.08 5.12
4.53e-06 -0.12 5.12
4.54e-06 -0.08 5.12
4.55e-06 -0.08 5.08
4.56e-06 -0.12 5.08
4.57e-06 -0.08 5.12
4.58e-06 -0.08 5.08
4.59e-06 -0.12 5.12
4.6e-06 -0.12 5.08
4.61e-06 -0.12 5.08
4.62e-06 -0.08 5.08
4.63e-06 -0.12 5.08
4.64e-06 -0.12 5.12
4.65e-06 -0.08 5.12
4.66e-06 -0.12 5.12
4.67e-06 -0.08 5.08
4.68e-06 -0.12 5.08
4.69e-06 -0.08 5.12
4.7e-06 -0.08 5.12
4.71e-06 -0.08 5.08
4.72e-06 -0.12 5.08
4.73e-06 -0.08 4.96
4.74e-06 -0.08 4.76
4.75e-06 -0.08 4.44
4.76e-06 -0.08 4.08
4.77e-06 -0.08 3.68
4.78e-06 -0.12 3.28
4.79e-06 -0.12 2.92
4.8e-06 -0.08 2.56
4.81e-06 -0.12 2.2
4.82e-06 -0.12 1.84
4.83e-06 -0.12 1.6
4.84e-06 -0.08 1.32
4.85e-06 -0.12 0.96
4.86e-06 -0.12 0.72
4.87e-06 -0.08 0.52
4.88e-06 -0.12 0.36
4.89e-06 -0.12 0.28
4.9e-06 -0.12 0.28
4.91e-06 -0.12 0.28
4.92e-06 -0.08 0.32
4.93e-06 -0.08 0.32
4.94e-06 -0.08 0.36
4.95e-06 -0.08 0.32
4.96e-06 -0.08 0.32
4.97e-06 -0.08 0.32
4.98e-06 -0.08 0.32
4.99e-06 -0.08 0.32
5e-06 -0.08 0.32
5.01e-06 -0.08 0.32
5.02e-06 -0.08 0.32
5.03e-06 -0.08 0.32
5.04e-06 -0.08 0.32
5.05e-06 -0.08 0.32
5.06e-06 -0.08 0.28
5.07e-06 -0.08 0.28
5.08e-06 -0.08 0.28
5.09e-06 0.08 0.32
5.1e-06 0.16 0.28
5.11e-06 0.24 0.28
5.12e-06 0.32 0.32
5.13e-06 0.4 0.28
5.14e-06 0.48 0.32
5.15e-06 0.56 0.28
5.16e-06 0.64 0.28
5.17e-06 0.68 0.28
5.18e-06 0.8 0.28
5.19e-06 0.88 0.28
5.2e-06 0.92 0.28
5.21e-06 1 0.28
5.22e-06 1.04 0.28
5.23e-06 1.12 0.28
5.24e-06 1.2 0.28
5.25e-06 1.28 0.32
5.26e-06 1.32 0.32
5.27e-06 1.36 0.28
5.28e-06 1.44 0.32
5.29e-06 1.48 0.28
5.3e-06 1.56 0.32
5.31e-06 1.6 0.24
5.32e-06 1.64 0.28
5.33e-06 1.72 0.28
5.34e-06 1.8 0.32
5.35e-06 1.8 0.28
5.36e-06 1.88 0.28
5.37e-06 1.92 0.32
5.38e-06 1.96 0.32
5.39e-06 2.04 0.32
5.4e-06 2.12 0.32
5.41e-06 2.12 0.28
5.42e-06 2.2 0.28
5.43e-06 2.2 0.28
5.44e-06 2.28 0.24
5.45e-06 2.32 0.28
5.46e-06 2.36 0.24
5.47e-06 2.4 0.28
5.48e-06 2.44 0.32
5.49e-06 2.44 0.28
5.5e-06 2.52 0.24
5.51e-06 2.56 0.28
5.52e-06 2.6 0.32
5.53e-06 2.64 0.24
5.54e-06 2.68 0.28
5.55e-06 2.68 0.32
5.56e-06 2.76 0.28
5.57e-06 2.8 0.28
5.58e-06 2.8 0.28
5.59e-06 2.84 0.32
5.6e-06 2.88 0.28
5.61e-06 2.88 0.28
5.62e-06 2.92 0.28
5.63e-06 3 0.24
5.64e-06 3 0.28
5.65e-06 3.04 0.24
5.66e-06 3.04 0.28
5.67e-06 3.12 0.28
5.68e-06 3.16 0.28
5.69e-06 3.16 0.28
5.7e-06 3.16 0.28
5.71e-06 3.2 0.28
5.72e-06 3.24 0.28
5.73e-06 3.24 0.32
5.74e-06 3.32 0.28
5.75e-06 3.32 0.28
5.76e-06 3.32 0.28
5.77e-06 3.36 0.28
5.78e-06 3.4 0.24
5.79e-06 3.4 0.28
5.8e-06 3.44 0.28
5.81e-06 3.48 0.28
5.82e-06 3.48 0.28
5.83e-06 3.48 0.28
5.84e-06 3.56 0.24
5.85e-06 3.56 0.28
5.86e-06 3.56 0.28
5.87e-06 3.6 0.28
5.88e-06 3.6 0.28
5.89e-06 3.64 0.28
5.9e-06 3.64 0.32
5.91e-06 3.68 0.28
5.92e-06 3.68 0.28
5.93e-06 3.68 0.28
5.94e-06 3.68 0.28
5.95e-06 3.76 0.32
5.96e-06 3.76 0.28
5.97e-06 3.76 0.28
5.98e-06 3.8 0.28
5.99e-06 3.84 0.24
6e-06 3.8 0.28
6.01e-06 3.88 0.24
6.02e-06 3.88 0.32
6.03e-06 3.88 0.28
6.04e-06 3.88 0.24
6.05e-06 3.88 0.32
6.06e-06 3.92 0.28
6.07e-06 3.96 0.24
6.08e-06 3.96 0.28
6.09e-06 3.96 0.32
6.1e-06 3.96 0.24
6.11e-06 3.96 0.28
6.12e-06 4 0.28
6.13e-06 4 0.24
6.14e-06 4 0.24
6.15e-06 4.04 0.28
6.16e-06 4.04 0.24
6.17e-06 4.08 0.24
6.18e-06 4.08 0.24
6.19e-06 4.12 0.32
6.2e-06 4.12 0.28
6.21e-06 4.12 0.24
6.22e-06 4.12 0.32
6.23e-06 4.12 0.28
6.24e-06 4.16 0.28
6.25e-06 4.16 0.28
6.26e-06 4.16 0.28
6.27e-06 4.16 0.28
6.28e-06 4.2 0.24
6.29e-06 4.16 0.24
6.3e-06 4.2 0.28
6.31e-06 4.2 0.24
6.32e-06 4.24 0.24
6.33e-06 4.24 0.24
6.34e-06 4.28 0.28
6.35e-06 4.24 0.28
6.36e-06 4.28 0.24
6.37e-06 4.28 0.28
6.38e-06 4.28 0.24
6.39e-06 4.28 0.28
6.4e-06 4.28 0.28
6.41e-06 4.32 0.28
6.42e-06 4.28 0.28
6.43e-06 4.32 0.28
6.44e-06 4.32 0.28
6.45e-06 4.32 0.28
6.46e-06 4.36 0.28
6.47e-06 4.36 0.24
6.48e-06 4.36 0.24
6.49e-06 4.4 0.24
6.5e-06 4.36 0.28
6.51e-06 4.36 0.24
6.52e-06 4.36 0.28
6.53e-06 4.4 0.28
6.54e-06 4.4 0.24
6.55e-06 4.4 0.28
6.56e-06 4.4 0.32
6.57e-06 4.4 0.28
6.58e-06 4.44 0.32
6.59e-06 4.44 0.24
6.6e-06 4.44 0.28
6.61e-06 4.44 0.28
6.62e-06 4.44 0.28
6.63e-06 4.44 0.24
6.64e-06 4.44 0.24
6.65e-06 4.44 0.28
6.66e-06 4.48 0.24
6.67e-06 4.48 0.24
6.68e-06 4.48 0.24
6.69e-06 4.48 0.24
6.7e-06 4.48 0.24
6.71e-06 4.48 0.24
6.72e-06 4.52 0.28
6.73e-06 4.48 0.28
6.74e-06 4.48 0.28
6.75e-06 4.52 0.24
6.76e-06 4.52 0.28
6.77e-06 4.52 0.28
6.78e-06 4.48 0.24
6.79e-06 4.52 0.24
6.8e-06 4.56 0.28
6.81e-06 4.52 0.24
6.82e-06 4.52 0.24
6.83e-06 4.56 0.24
6.84e-06 4.52 0.28
6.85e-06 4.56 0.24
6.86e-06 4.52 0.24
6.87e-06 4.56 0.24
6.88e-06 4.56 0.28
6.89e-06 4.56 0.24
6.9e-06 4.56 0.24
6.91e-06 4.56 0.24
6.92e-06 4.56 0.24
6.93e-06 4.6 0.28
6.94e-06 4.6 0.28
6.95e-06 4.6 0.28
6.96e-06 4.6 0.24
6.97e-06 4.6 0.24
6.98e-06 4.6 0.28
6.99e-06 4.6 0.24
7e-06 4.6 0.24
7.01e-06 4.6 0.24
7.02e-06 4.6 0.24
7.03e-06 4.6 0.24
7.04e-06 4.6 0.24
7.05e-06 4.6 0.24
7.06e-06 4.6 0.28
7.07e-06 4.64 0.24
7.08e-06 4.6 0.28
7.09e-06 4.64 0.24
7.1e-06 4.64 0.28
7.11e-06 4.64 0.32
7.12e-06 4.64 0.28
7.13e-06 4.64 0.28
7.14e-06 4.64 0.24
7.15e-06 4.6 0.24
7.16e-06 4.64 0.24
7.17e-06 4.64 0.24
7.18e-06 4.64 0.24
7.19e-06 4.64 0.24
7.2e-06 4.64 0.24
7.21e-06 4.64 0.28
7.22e-06 4.68 0.28
7.23e-06 4.64 0.24
7.24e-06 4.64 0.28
7.25e-06 4.64 0.28
7.26e-06 4.64 0.28
7.27e-06 4.68 0.28
7.28e-06 4.64 0.32
7.29e-06 4.68 0.28
7.3e-06 4.64 0.24
7.31e-06 4.68 0.24
7.32e-06 4.68 0.24
7.33e-06 4.68 0.28
7.34e-06 4.68 0.24
7.35e-06 4.68 0.24
7.36e-06 4.68 0.24
7.37e-06 4.68 0.24
7.38e-06 4.68 0.24
7.39e-06 4.68 0.24
7.4e-06 4.68 0.28
7.41e-06 4.68 0.28
7.42e-06 4.68 0.28
7.43e-06 4.72 0.24
7.44e-06 4.68 0.28
7.45e-06 4.68 0.28
7.46e-06 4.68 0.24
7.47e-06 4.68 0.28
7.48e-06 4.68 0.24
7.49e-06 4.68 0.24
7.5e-06 4.68 0.24
7.51e-06 4.68 0.24
7.52e-06 4.68 0.24
7.53e-06 4.72 0.24
7.54e-06 4.68 0.24
7.55e-06 4.72 0.24
7.56e-06 4.72 0.28
7.57e-06 4.72 0.24
7.58e-06 4.72 0.24
7.59e-06 4.72 0.32
7.6e-06 4.72 0.28
7.61e-06 4.72 0.28
7.62e-06 4.72 0.28
7.63e-06 4.68 0.28
7.64e-06 4.72 0.24
7.65e-06 4.72 0.24
7.66e-06 4.72 0.24
7.67e-06 4.72 0.24
7.68e-06 4.72 0.24
7.69e-06 4.72 0.24
7.7e-06 4.72 0.24
7.71e-06 4.76 0.24
7.72e-06 4.72 0.24
7.73e-06 4.72 0.24
7.74e-06 4.72 0.24
7.75e-06 4.72 0.24
7.76e-06 4.72 0.28
7.77e-06 4.76 0.28
7.78e-06 4.72 0.28
7.79e-06 4.76 0.28
7.8e-06 4.72 0.24
7.81e-06 4.76 0.24
7.82e-06 4.76 0.24
7.83e-06 4.76 0.24
7.84e-06 4.76 0.28
7.85e-06 4.76 0.24
7.86e-06 4.76 0.24
7.87e-06 4.76 0.24
7.88e-06 4.76 0.24
7.89e-06 4.76 0.24
7.9e-06 4.72 0.24
7.91e-06 4.76 0.24
7.92e-06 4.72 0.24
7.93e-06 4.76 0.24
7.94e-06 4.76 0.28
7.95e-06 4.76 0.24
7.96e-06 4.76 0.28
7.97e-06 4.76 0.28
7.98e-06 4.76 0.24
7.99e-06 4.72 0.24
8e-06 4.76 0.24
8.01e-06 4.76 0.24
8.02e-06 4.76 0.24
8.03e-06 4.76 0.24
8.04e-06 4.76 0.24
8.05e-06 4.76 0.24
8.06e-06 4.76 0.24
8.07e-06 4.76 0.24
8.08e-06 4.76 0.24
8.09e-06 4.76 0.24
8.1e-06 4.76 0.28
8.11e-06 4.76 0.28
8.12e-06 4.76 0.28
8.13e-06 4.76 0.24
8.14e-06 4.76 0.24
8.15e-06 4.76 0.28
8.16e-06 4.76 0.24
8.17e-06 4.76 0.24
8.18e-06 4.76 0.24
8.19e-06 4.76 0.24
8.2e-06 4.76 0.28
8.21e-06 4.76 0.24
8.22e-06 4.76 0.24
8.23e-06 4.76 0.24
8.24e-06 4.76 0.24
8.25e-06 4.76 0.24
8.26e-06 4.76 0.28
8.27e-06 4.76 0.24
8.28e-06 4.76 0.28
8.29e-06 4.76 0.24
8.3e-06 4.76 0.28
8.31e-06 4.76 0.24
8.32e-06 4.76 0.24
8.33e-06 4.76 0.24
8.34e-06 4.76 0.24
8.35e-06 4.76 0.24
8.36e-06 4.8 0.24
8.37e-06 4.76 0.24
8.38e-06 4.76 0.24
8.39e-06 4.76 0.24
8.4e-06 4.76 0.24
8.41e-06 4.76 0.24
8.42e-06 4.76 0.28
8.43e-06 4.76 0.24
8.44e-06 4.76 0.24
8.45e-06 4.76 0.24
8.46e-06 4.76 0.28
8.47e-06 4.76 0.28
8.48e-06 4.76 0.24
8.49e-06 4.76 0.28
8.5e-06 4.76 0.24
8.51e-06 4.76 0.24
8.52e-06 4.8 0.24
8.53e-06 4.76 0.24
8.54e-06 4.76 0.24
8.55e-06 4.76 0.24
8.56e-06 4.76 0.24
8.57e-06 4.76 0.24
8.58e-06 4.76 0.24
8.59e-06 4.76 0.24
8.6e-06 4.76 0.24
8.61e-06 4.8 0.28
8.62e-06 4.76 0.24
8.63e-06 4.76 0.24
8.64e-06 4.76 0.24
8.65e-06 4.76 0.28
8.66e-06 4.76 0.24
8.67e-06 4.8 0.24
8.68e-06 4.76 0.24
8.69e-06 4.76 0.24
8.7e-06 4.76 0.24
8.71e-06 4.76 0.24
8.72e-06 4.76 0.28
8.73e-06 4.76 0.24
8.74e-06 4.76 0.24
8.75e-06 4.76 0.24
8.76e-06 4.76 0.24
8.77e-06 4.76 0.24
8.78e-06 4.8 0.28
8.79e-06 4.76 0.24
8.8e-06 4.8 0.28
8.81e-06 4.8 0.28
8.82e-06 4.76 0.24
8.83e-06 4.8 0.28
8.84e-06 4.8 0.24
8.85e-06 4.76 0.24
8.86e-06 4.76 0.24
8.87e-06 4.76 0.24
8.88e-06 4.76 0.24
8.89e-06 4.8 0.24
8.9e-06 4.8 0.24
8.91e-06 4.76 0.24
8.92e-06 4.76 0.24
8.93e-06 4.76 0.24
8.94e-06 4.8 0.24
8.95e-06 4.76 0.28
8.96e-06 4.76 0.24
8.97e-06 4.76 0.24
8.98e-06 4.8 0.24
8.99e-06 4.76 0.24
9e-06 4.76 0.24
9.01e-06 4.76 0.24
9.02e-06 4.8 0.28
9.03e-06 4.76 0.24
9.04e-06 4.76 0.24
9.05e-06 4.76 0.24
9.06e-06 4.8 0.24
9.07e-06 4.8 0.24
9.08e-06 4.76 0.24
9.09e-06 4.8 0.24
9.1e-06 4.76 0.24
9.11e-06 4.8 0.24
9.12e-06 4.8 0.24
9.13e-06 4.76 0.24
9.14e-06 4.76 0.24
9.15e-06 4.8 0.28
9.16e-06 4.76 0.24
9.17e-06 4.76 0.28
9.18e-06 4.76 0.24
9.19e-06 4.8 0.24
9.2e-06 4.8 0.24
9.21e-06 4.84 0.24
9.22e-06 4.76 0.24
9.23e-06 4.76 0.24
9.24e-06 4.76 0.24
9.25e-06 4.8 0.24
9.26e-06 4.76 0.24
9.27e-06 4.76 0.24
9.28e-06 4.8 0.28
9.29e-06 4.8 0.24
9.3e-06 4.8 0.24
9.31e-06 4.76 0.24
9.32e-06 4.8 0.24
9.33e-06 4.76 0.24
9.34e-06 4.8 0.24
9.35e-06 4.8 0.24
9.36e-06 4.76 0.28
9.37e-06 4.76 0.24
9.38e-06 4.8 0.24
9.39e-06 4.76 0.24
9.4e-06 4.8 0.24
9.41e-06 4.76 0.24
9.42e-06 4.76 0.24
9.43e-06 4.76 0.24
9.44e-06 4.76 0.24
9.45e-06 4.76 0.24
9.46e-06 4.8 0.24
9.47e-06 4.76 0.24
9.48e-06 4.8 0.28
9.49e-06 4.8 0.28
9.5e-06 4.8 0.24
9.51e-06 4.8 0.28
9.52e-06 4.8 0.24
9.53e-06 4.76 0.24
9.54e-06 4.8 0.2
9.55e-06 4.8 0.24
9.56e-06 4.8 0.24
9.57e-06 4.8 0.24
9.58e-06 4.8 0.24
9.59e-06 4.8 0.24
9.6e-06 4.8 0.24
9.61e-06 4.8 0.24
9.62e-06 4.8 0.24
9.63e-06 4.76 0.24
9.64e-06 4.8 0.24
9.65e-06 4.8 0.28
9.66e-06 4.8 0.28
9.67e-06 4.76 0.28
9.68e-06 4.76 0.24
9.69e-06 4.8 0.24
9.7e-06 4.76 0.24
9.71e-06 4.8 0.24
9.72e-06 4.84 0.36
9.73e-06 4.8 0.48
9.74e-06 4.84 0.56
9.75e-06 4.8 0.64
9.76e-06 4.8 0.68
9.77e-06 4.84 0.8
9.78e-06 4.84 0.88
9.79e-06 4.84 0.92
9.8e-06 4.84 1.04
9.81e-06 4.88 1.08
9.82e-06 4.88 1.16
9.83e-06 4.92 1.24
9.84e-06 4.88 1.28
9.85e-06 4.88 1.36
9.86e-06 4.92 1.4
9.87e-06 4.92 1.44
9.88e-06 4.92 1.52
9.89e-06 4.92 1.6
9.9e-06 4.92 1.64
9.91e-06 4.92 1.68
9.92e-06 4.92 1.8
9.93e-06 4.92 1.84
9.94e-06 4.92 1.88
9.95e-06 4.92 1.92
9.96e-06 4.92 2
9.97e-06 4.92 2.04
9.98e-06 4.92 2.12
9.99e-06 4.92 2.16
1e-05 4.92 2.2
1.001e-05 4.92 2.24
1.002e-05 4.92 2.28
1.003e-05 4.96 2.32
1.004e-05 4.92 2.4
1.005e-05 4.92 2.44
1.006e-05 4.92 2.48
1.007e-05 4.92 2.48
1.008e-05 4.92 2.56
1.009e-05 4.96 2.6
1.01e-05 4.92 2.64
1.011e-05 4.96 2.68
1.012e-05 4.92 2.72
1.013e-05 4.96 2.76
1.014e-05 4.96 2.84
1.015e-05 4.92 2.84
1.016e-05 4.96 2.88
1.017e-05 4.96 2.96
1.018e-05 4.96 2.96
1.019e-05 4.96 3
1.02e-05 4.96 3.04
1.021e-05 4.96 3.08
1.022e-05 4.96 3.08
1.023e-05 4.96 3.12
1.024e-05 4.92 3.2
1.025e-05 4.96 3.2
1.026e-05 4.96 3.24
1.027e-05 4.96 3.28
1.028e-05 4.96 3.28
1.029e-05 4.96 3.28
1.03e-05 4.96 3.36
1.031e-05 4.96 3.4
1.032e-05 4.96 3.4
1.033e-05 4.96 3.44
1.034e-05 4.96 3.48
1.035e-05 4.96 3.52
1.036e-05 4.96 3.52
1.037e-05 4.92 3.56
1.038e-05 4.96 3.56
1.039e-05 4.96 3.6
1.04e-05 4.96 3.6
1.041e-05 4.96 3.64
1.042e-05 4.92 3.68
1.043e-05 4.92 3.72
1.044e-05 4.96 3.72
1.045e-05 4.96 3.76
1.046e-05 4.92 3.76
1.047e-05 4.96 3.76
1.048e-05 4.96 3.8
1.049e-05 4.92 3.84
1.05e-05 4.96 3.88
1.051e-05 4.96 3.88
1.052e-05 4.92 3.88
1.053e-05 4.92 3.92
1.054e-05 4.92 3.92
1.055e-05 4.96 3.92
1.056e-05 4.92 3.96
1.057e-05 4.96 4
1.058e-05 4.92 4
1.059e-05 4.92 4
1.06e-05 4.96 4.04
1.061e-05 4.96 4.04
1.062e-05 4.92 4.08
1.063e-05 4.92 4.08
1.064e-05 4.92 4.08
1.065e-05 4.92 4.08
1.066e-05 4.96 4.12
1.067e-05 4.92 4.16
1.068e-05 4.92 4.16
1.069e-05 4.92 4.2
1.07e-05 4.88 4.16
1.071e-05 4.92 4.2
1.072e-05 4.92 4.24
1.073e-05 4.92 4.24
1.074e-05 4.92 4.24
1.075e-05 4.92 4.28
1.076e-05 4.92 4.28
1.077e-05 4.92 4.28
1.078e-05 4.92 4.28
1.079e-05 4.88 4.32
1.08e-05 4.92 4.32
1.081e-05 4.92 4.36
1.082e-05 4.92 4.4
1.083e-05 4.92 4.36
1.084e-05 4.92 4.4
1.085e-05 4.92 4.4
1.086e-05 4.92 4.4
1.087e-05 4.92 4.44
1.088e-05 4.92 4.4
1.089e-05 4.92 4.44
1.09e-05 4.92 4.44
1.091e-05 4.92 4.48
1.092e-05 4.92 4.48
1.093e-05 4.92 4.48
1.094e-05 4.92 4.48
1.095e-05 4.92 4.52
1.096e-05 4.92 4.52
1.097e-05 4.92 4.48
1.098e-05 4.88 4.52
1.099e-05 4.92 4.56
1.1e-05 4.92 4.52
1.101e-05 4.92 4.56
1.102e-05 4.92 4.56
1.103e-05 4.92 4.56
1.104e-05 4.92 4.56
1.105e-05 4.92 4.56
1.106e-05 4.92 4.6
1.107e-05 4.88 4.56
1.108e-05 4.92 4.56
1.109e-05 4.88 4.6
1.11e-05 4.92 4.6
1.111e-05 4.88 4.64
1.112e-05 4.88 4.64
1.113e-05 4.92 4.64
1.114e-05 4.88 4.68
1.115e-05 4.92 4.68
1.116e-05 4.88 4.68
1.117e-05 4.88 4.68
1.118e-05 4.88 4.68
1.119e-05 4.88 4.68
1.12e-05 4.92 4.68
1.121e-05 4.88 4.68
1.122e-05 4.88 4.68
1.123e-05 4.88 4.72
1.124e-05 4.84 4.72
1.125e-05 4.88 4.72
1.126e-05 4.88 4.72
1.127e-05 4.88 4.72
1.128e-05 4.88 4.72
1.129e-05 4.88 4.72
1.13e-05 4.88 4.72
1.131e-05 4.88 4.72
1.132e-05 4.88 4.76
1.133e-05 4.88 4.76
1.134e-05 4.88 4.76
1.135e-05 4.88 4.76
1.136e-05 4.88 4.8
1.137e-05 4.88 4.8
1.138e-05 4.88 4.8
1.139e-05 4.84 4.8
1.14e-05 4.88 4.8
1.141e-05 4.88 4.8
1.142e-05 4.88 4.8
1.143e-05 4.84 4.8
1.144e-05 4.88 4.8
1.145e-05 4.88 4.84
1.146e-05 4.84 4.8
1.147e-05 4.84 4.84
1.148e-05 4.88 4.84
1.149e-05 4.84 4.84
1.15e-05 4.88 4.84
1.151e-05 4.88 4.84
1.152e-05 4.84 4.88
1.153e-05 4.88 4.88
1.154e-05 4.84 4.84
1.155e-05 4.84 4.88
1.156e-05 4.84 4.88
1.157e-05 4.88 4.84
1.158e-05 4.84 4.84
1.159e-05 4.84 4.88
1.16e-05 4.88 4.88
1.161e-05 4.88 4.84
1.162e-05 4.84 4.88
1.163e-05 4.88 4.88
1.164e-05 4.84 4.88
1.165e-05 4.84 4.88
1.166e-05 4.84 4.88
1.167e-05 4.88 4.92
1.168e-05 4.84 4.88
1.169e-05 4.84 4.88
1.17e-05 4.84 4.92
1.171e-05 4.8 4.88
1.172e-05 4.84 4.88
1.173e-05 4.84 4.88
1.174e-05 4.84 4.96
1.175e-05 4.88 4.88
1.176e-05 4.84 4.92
1.177e-05 4.84 4.92
1.178e-05 4.84 4.88
1.179e-05 4.84 4.92
1.18e-05 4.84 4.92
1.181e-05 4.84 4.92
1.182e-05 4.84 4.96
1.183e-05 4.84 4.92
1.184e-05 4.88 4.96
1.185e-05 4.84 4.96
1.186e-05 4.84 4.96
1.187e-05 4.84 4.96
1.188e-05 4.88 4.96
1.189e-05 4.84 4.96
1.19e-05 4.84 4.96
1.191e-05 4.8 4.96
1.192e-05 4.84 4.96
1.193e-05 4.8 4.96
1.194e-05 4.84 4.96
1.195e-05 4.84 4.92
1.196e-05 4.84 4.96
1.197e-05 4.84 4.96
1.198e-05 4.84 4.96
1.199e-05 4.84 4.96
1.2e-05 4.84 5
1.201e-05 4.84 4.96
1.202e-05 4.8 4.96
1.203e-05 4.84 5
1.204e-05 4.88 5
1.205e-05 4.84 5
1.206e-05 4.8 5
1.207e-05 4.84 5
1.208e-05 4.8 5
1.209e-05 4.8 5
1.21e-05 4.84 4.96
1.211e-05 4.84 4.96
1.212e-05 4.8 5
1.213e-05 4.84 5
1.214e-05 4.8 4.96
1.215e-05 4.8 5
1.216e-05 4.84 5
1.217e-05 4.8 5
1.218e-05 4.84 5.04
1.219e-05 4.84 5
1.22e-05 4.8 5.04
1.221e-05 4.84 5.04
1.222e-05 4.84 5.04
1.223e-05 4.84 5.04
1.224e-05 4.84 5.04
1.225e-05 4.8 5
1.226e-05 4.84 5
1.227e-05 4.84 5.04
1.228e-05 4.84 5
1.229e-05 4.84 5
1.23e-05 4.84 5
1.231e-05 4.84 5.04
1.232e-05 4.8 5
1.233e-05 4.8 5
1.234e-05 4.84 5.04
1.235e-05 4.84 5.04
1.236e-05 4.8 5.04
1.237e-05 4.84 5.04
1.238e-05 4.84 5.04
1.239e-05 4.8 5.04
1.24e-05 4.8 5.04
1.241e-05 4.84 5
1.242e-05 4.84 5.04
1.243e-05 4.84 5.04
1.244e-05 4.8 5.04
1.245e-05 4.84 5.04
1.246e-05 4.8 5
1.247e-05 4.8 5.04
1.248e-05 4.84 5.04
1.249e-05 4.84 5.04
1.25e-05 4.84 5.04
1.251e-05 4.8 5.04
1.252e-05 4.8 5.04
1.253e-05 4.8 5.04
1.254e-05 4.8 5.04
1.255e-05 4.84 5.04
1.256e-05 4.8 5.04
1.257e-05 4.84 5.04
1.258e-05 4.8 5.04
1.259e-05 4.8 5.04
1.26e-05 4.84 5.04
1.261e-05 4.8 5.04
1.262e-05 4.8 5.04
1.263e-05 4.8 5.04
1.264e-05 4.8 5.04
1.265e-05 4.8 5.04
1.266e-05 4.8 5.04
1.267e-05 4.84 5.04
1.268e-05 4.8 5.04
1.269e-05 4.84 5.04
1.27e-05 4.84 5.04
1.271e-05 4.8 5.04
1.272e-05 4.84 5.04
1.273e-05 4.8 5.08
1.274e-05 4.8 5.04
1.275e-05 4.8 5.04
1.276e-05 4.8 5.04
1.277e-05 4.8 5.04
1.278e-05 4.8 5.04
1.279e-05 4.8 5.04
1.28e-05 4.8 5.04
1.281e-05 4.8 5.04
1.282e-05 4.8 5.04
1.283e-05 4.8 5.04
1.284e-05 4.8 5.08
1.285e-05 4.8 5.04
1.286e-05 4.84 5.04
1.287e-05 4.8 5.04
1.288e-05 4.8 5.04
1.289e-05 4.8 5.04
1.29e-05 4.8 5.04
1.291e-05 4.84 5.08
1.292e-05 4.8 5.08
1.293e-05 4.8 5.08
1.294e-05 4.8 5.04
1.295e-05 4.8 5.04
1.296e-05 4.8 5.08
1.297e-05 4.8 5.04
1.298e-05 4.8 5.04
1.299e-05 4.8 5.04
1.3e-05 4.8 5.04
1.301e-05 4.8 5.04
1.302e-05 4.8 5.08
1.303e-05 4.8 5.08
1.304e-05 4.8 5.08
1.305e-05 4.84 5.08
1.306e-05 4.8 5.08
1.307e-05 4.84 5.08
1.308e-05 4.8 5.08
1.309e-05 4.8 5.08
1.31e-05 4.8 5.08
1.311e-05 4.8 5.08
1.312e-05 4.8 5.04
1.313e-05 4.8 5.04
1.314e-05 4.8 5.04
1.315e-05 4.8 5.04
1.316e-05 4.8 5.04
1.317e-05 4.8 5.08
1.318e-05 4.8 5.04
1.319e-05 4.8 5.04
1.32e-05 4.8 5.08
1.321e-05 4.8 5.08
1.322e-05 4.8 5.08
1.323e-05 4.8 5.08
1.324e-05 4.8 5.08
1.325e-05 4.8 5.08
1.326e-05 4.8 5.08
1.327e-05 4.8 5.04
1.328e-05 4.84 5.08
1.329e-05 4.8 5.04
1.33e-05 4.8 5.04
1.331e-05 4.8 5.08
1.332e-05 4.8 5.08
1.333e-05 4.84 5.08
1.334e-05 4.8 5.08
1.335e-05 4.84 5.04
1.336e-05 4.8 5.04
1.337e-05 4.8 5.08
1.338e-05 4.84 5.08
1.339e-05 4.8 5.08
1.34e-05 4.8 5.08
1.341e-05 4.8 5.08
1.342e-05 4.84 5.08
1.343e-05 4.8 5.08
1.344e-05 4.8 5.12
1.345e-05 4.8 5.04
1.346e-05 4.8 5.08
1.347e-05 4.8 5.08
1.348e-05 4.84 5.04
1.349e-05 4.8 5.08
1.35e-05 4.8 5.08
1.351e-05 4.84 5.08
1.352e-05 4.8 5.08
1.353e-05 4.8 5.08
1.354e-05 4.84 5.08
1.355e-05 4.8 5.08
1.356e-05 4.8 5.08
1.357e-05 4.8 5.08
1.358e-05 4.84 5.08
1.359e-05 4.8 5.12
1.36e-05 4.8 5.08
1.361e-05 4.84 5.08
1.362e-05 4.8 5.08
1.363e-05 4.84 5.08
1.364e-05 4.8 5.04
1.365e-05 4.8 5.04
1.366e-05 4.84 5.12
1.367e-05 4.8 5.12
1.368e-05 4.84 5.08
1.369e-05 4.76 5.08
1.37e-05 4.8 5.08
1.371e-05 4.8 5.08
1.372e-05 4.8 5.08
1.373e-05 4.84 5.12
1.374e-05 4.8 5.12
1.375e-05 4.8 5.12
1.376e-05 4.8 5.08
1.377e-05 4.84 5.12
1.378e-05 4.8 5.12
1.379e-05 4.8 5.08
1.38e-05 4.8 5.08
1.381e-05 4.8 5.12
1.382e-05 4.8 5.08
1.383e-05 4.8 5.08
1.384e-05 4.8 5.08
1.385e-05 4.8 5.08
1.386e-05 4.84 5.12
1.387e-05 4.8 5.08
1.388e-05 4.8 5.08
1.389e-05 4.84 5.08
1.39e-05 4.84 5.12
1.391e-05 4.8 5.12
1.392e-05 4.8 5.08
1.393e-05 4.8 5.08
1.394e-05 4.8 5.12
1.395e-05 4.8 5.12
1.396e-05 4.8 5.08
1.397e-05 4.76 5.08
1.398e-05 4.8 5.12
1.399e-05 4.8 5.08
1.4e-05 4.8 5.08
1.401e-05 4.8 5.12
1.402e-05 4.8 5.08
1.403e-05 4.8 5.08
1.404e-05 4.84 5.08
1.405e-05 4.8 5.12
1.406e-05 4.8 5.08
1.407e-05 4.8 5.08
1.408e-05 4.8 5.12
1.409e-05 4.8 5.12
1.41e-05 4.84 5.08
1.411e-05 4.8 5.12
1.412e-05 4.8 5.08
1.413e-05 4.8 5.08
1.414e-05 4.8 5.08
1.415e-05 4.84 5.12
1.416e-05 4.8 5.08
1.417e-05 4.8 5.08
1.418e-05 4.8 5.04
1.419e-05 4.84 5.08
1.42e-05 4.8 5.08
1.421e-05 4.8 5.08
1.422e-05 4.8 5.08
1.423e-05 4.84 5.08
1.424e-05 4.8 5.12
1.425e-05 4.8 5.08
1.426e-05 4.8 5.12
1.427e-05 4.8 5.12
1.428e-05 4.8 5.12
1.429e-05 4.84 5.08
1.43e-05 4.8 5.08
1.431e-05 4.8 5.08
1.432e-05 4.8 5.12
1.433e-05 4.84 5.04
1.434e-05 4.76 5.12
1.435e-05 4.8 5.08
1.436e-05 4.8 5.08
1.437e-05 4.8 5.04
1.438e-05 4.8 5.12
1.439e-05 4.84 5.12
1.44e-05 4.8 5.08
1.441e-05 4.8 5.12
1.442e-05 4.84 5.12
1.443e-05 4.8 5.12
1.444e-05 4.84 5.08
1.445e-05 4.8 5.12
1.446e-05 4.8 5.12
1.447e-05 4.8 5.08
1.448e-05 4.8 5.08
1.449e-05 4.84 5.12
1.45e-05 4.8 5.08
1.451e-05 4.8 5.08
1.452e-05 4.8 5.08
1.453e-05 4.8 5.08
1.454e-05 4.8 5.08
1.455e-05 4.8 5.08
1.456e-05 4.8 5.12
1.457e-05 4.84 5.12
1.458e-05 4.8 5.08
1.459e-05 4.8 5.12
1.46e-05 4.84 5.08
1.461e-05 4.8 5.12
1.462e-05 4.84 5.12
1.463e-05 4.84 5.08
1.464e-05 4.8 5.08
1.465e-05 4.8 5.08
1.466e-05 4.84 5.08
1.467e-05 4.8 5.08
1.468e-05 4.8 5.12
1.469e-05 4.8 5.12
1.47e-05 4.8 5.08
1.471e-05 4.8 5.08
1.472e-05 4.8 5.08
1.473e-05 4.8 5.08
1.474e-05 4.76 5.04
1.475e-05 4.76 4.84
1.476e-05 4.76 4.56
1.477e-05 4.72 4.2
1.478e-05 4.68 3.8
1.479e-05 4.68 3.44
1.48e-05 4.64 3.08
1.481e-05 4.6 2.64
1.482e-05 4.6 2.28
1.483e-05 4.56 2
1.484e-05 4.52 1.64
1.485e-05 4.52 1.32
1.486e-05 4.48 1
1.487e-05 4.44 0.76
1.488e-05 4.48 0.56
1.489e-05 4.48 0.36
1.49e-05 4.44 0.32
1.491e-05 4.48 0.28
1.492e-05 4.44 0.28
1.493e-05 4.48 0.28
1.494e-05 4.48 0.32
1.495e-05 4.48 0.32
1.496e-05 4.48 0.32
1.497e-05 4.52 0.32
1.498e-05 4.48 0.32
1.499e-05 4.52 0.32
1.5e-05 4.52 0.28
1.501e-05 4.52 0.28
1.502e-05 4.52 0.28
1.503e-05 4.52 0.28
1.504e-05 4.56 0.28
1.505e-05 4.52 0.28
1.506e-05 4.56 0.32
1.507e-05 4.56 0.28
1.508e-05 4.56 0.32
1.509e-05 4.56 0.32
1.51e-05 4.56 0.32
1.511e-05 4.52 0.32
1.512e-05 4.4 0.32
1.513e-05 4.2 0.32
1.514e-05 3.96 0.32
1.515e-05 3.68 0.32
1.516e-05 3.4 0.28
1.517e-05 3.04 0.32
1.518e-05 2.72 0.24
1.519e-05 2.44 0.24
1.52e-05 2.08 0.24
1.521e-05 1.76 0.28
1.522e-05 1.44 0.24
1.523e-05 1.16 0.24
1.524e-05 0.84 0.28
1.525e-05 0.56 0.28
1.526e-05 0.36 0.24
1.527e-05 0.2 0.28
1.528e-05 0.16 0.28
1.529e-05 0.08 0.28
1.53e-05 0.04 0.28
1.531e-05 0.08 0.24
1.532e-05 0.04 0.28
1.533e-05 0.04 0.32
1.534e-05 0.08 0.32
1.535e-05 0.04 0.28
1.536e-05 0.04 0.24
1.537e-05 0.04 0.28
1.538e-05 0.04 0.24
1.539e-05 0.04 0.24
1.54e-05 0.04 0.32
1.541e-05 0.04 0.28
1.542e-05 0.04 0.28
1.543e-05 0.04 0.28
1.544e-05 0.04 0.32
1.545e-05 0 0.32
1.546e-05 0.04 0.28
1.547e-05 0.04 0.32
1.548e-05 0.04 0.32
1.549e-05 0 0.28
1.55e-05 0.04 0.28
1.551e-05 0.04 0.24
1.552e-05 0.04 0.32
1.553e-05 0.04 0.28
1.554e-05 0.04 0.24
1.555e-05 0.04 0.28
1.556e-05 0.04 0.28
1.557e-05 0 0.28
1.558e-05 0 0.28
1.559e-05 0 0.28
1.56e-05 0.04 0.28
1.561e-05 0.04 0.28
1.562e-05 0.04 0.28
1.563e-05 0.04 0.32
1.564e-05 0.04 0.28
1.565e-05 0.04 0.28
1.566e-05 0.04 0.32
1.567e-05 0 0.28
1.568e-05 0 0.32
1.569e-05 0.04 0.28
1.57e-05 0 0.28
1.571e-05 0 0.28
1.572e-05 0.04 0.28
1.573e-05 0 0.28
1.574e-05 0 0.28
1.575e-05 0 0.24
1.576e-05 0 0.28
1.577e-05 0.04 0.28
1.578e-05 0 0.32
1.579e-05 0.04 0.28
1.58e-05 0 0.28
1.581e-05 0.04 0.28
1.582e-05 0 0.28
1.583e-05 0 0.24
1.584e-05 0 0.28
1.585e-05 0.04 0.32
1.586e-05 0 0.28
1.587e-05 0 0.28
1.588e-05 0 0.28
1.589e-05 0 0.24
1.59e-05 0.04 0.28
1.591e-05 0.04 0.28
1.592e-05 0 0.28
1.593e-05 0 0.28
1.594e-05 0 0.32
1.595e-05 0 0.28
1.596e-05 0 0.28
1.597e-05 0 0.28
1.598e-05 0 0.32
1.599e-05 0 0.24
1.6e-05 0 0.28
1.601e-05 0 0.28
1.602e-05 0 0.24
1.603e-05 0 0.28
1.604e-05 0.04 0.28
1.605e-05 0.04 0.24
1.606e-05 0 0.24
1.607e-05 0 0.24
1.608e-05 0 0.28
1.609e-05 0 0.28
1.61e-05 0 0.28
1.611e-05 0 0.28
1.612e-05 0 0.28
1.613e-05 0.04 0.28
1.614e-05 0 0.28
1.615e-05 0 0.28
1.616e-05 0.04 0.32
1.617e-05 0 0.28
1.618e-05 0.04 0.24
1.619e-05 0 0.24
1.62e-05 0 0.24
1.621e-05 0 0.24
1.622e-05 0.04 0.24
1.623e-05 0 0.28
1.624e-05 0 0.28
1.625e-05 0 0.28
1.626e-05 0 0.24
1.627e-05 0 0.28
1.628e-05 0 0.28
1.629e-05 0 0.28
1.63e-05 0 0.28
1.631e-05 0.04 0.32
1.632e-05 0 0.28
1.633e-05 0 0.28
1.634e-05 0 0.28
1.635e-05 0 0.28
1.636e-05 0 0.28
1.637e-05 0 0.24
1.638e-05 0 0.28
1.639e-05 0 0.24
1.64e-05 0 0.28
1.641e-05 0 0.24
1.642e-05 0 0.24
1.643e-05 0 0.28
1.644e-05 0.04 0.24
1.645e-05 0 0.28
1.646e-05 0 0.28
1.647e-05 0 0.24
1.648e-05 0 0.24
1.649e-05 0 0.32
1.65e-05 0 0.28
1.651e-05 0 0.24
1.652e-05 0 0.24
1.653e-05 0 0.28
1.654e-05 0 0.24
1.655e-05 0 0.28
1.656e-05 0 0.28
1.657e-05 0 0.24
1.658e-05 0 0.28
1.659e-05 0 0.24
1.66e-05 0 0.28
1.661e-05 0 0.28
1.662e-05 0 0.24
1.663e-05 0 0.28
1.664e-05 0 0.32
1.665e-05 0 0.28
1.666e-05 0 0.28
1.667e-05 0 0.24
1.668e-05 0 0.28
1.669e-05 0 0.28
1.67e-05 0 0.24
1.671e-05 0 0.28
1.672e-05 0 0.24
1.673e-05 0 0.28
1.674e-05 -0.08 0.24
1.675e-05 0 0.24
1.676e-05 -0.08 0.28
1.677e-05 -0.08 0.24
1.678e-05 0 0.24
1.679e-05 0 0.28
1.68e-05 -0.08 0.28
1.681e-05 0 0.28
1.682e-05 0 0.28
1.683e-05 -0.08 0.32
1.684e-05 0 0.28
1.685e-05 0 0.24
1.686e-05 -0.08 0.24
1.687e-05 0 0.28
1.688e-05 0 0.24
1.689e-05 0 0.28
1.69e-05 0 0.28
1.691e-05 0 0.28
1.692e-05 0 0.28
1.693e-05 0 0.28
1.694e-05 0 0.24
1.695e-05 -0.08 0.28
1.696e-05 0 0.28
1.697e-05 0 0.24
1.698e-05 0 0.28
1.699e-05 0 0.28
1.7e-05 0 0.28
1.701e-05 0 0.24
1.702e-05 0 0.24
1.703e-05 0 0.24
1.704e-05 0 0.24
1.705e-05 -0.08 0.24
1.706e-05 0 0.24
1.707e-05 -0.08 0.24
1.708e-05 0 0.24
1.709e-05 0 0.24
1.71e-05 0 0.24
1.711e-05 0 0.24
1.712e-05 0 0.24
1.713e-05 0 0.28
1.714e-05 -0.08 0.28
1.715e-05 0 0.28
1.716e-05 0 0.28
1.717e-05 0 0.24
1.718e-05 0 0.28
1.719e-05 0 0.28
1.72e-05 -0.08 0.24
1.721e-05 0 0.28
1.722e-05 0 0.24
1.723e-05 0 0.24
1.724e-05 0 0.24
1.725e-05 0 0.24
1.726e-05 0 0.24
1.727e-05 -0.08 0.24
1.728e-05 0 0.28
1.729e-05 -0.08 0.28
1.73e-05 0 0.24
1.731e-05 0 0.28
1.732e-05 0 0.24
1.733e-05 -0.08 0.24
1.734e-05 0 0.28
1.735e-05 0 0.24
1.736e-05 0 0.28
1.737e-05 0 0.24
1.738e-05 0 0.24
1.739e-05 -0.08 0.28
1.74e-05 -0.08 0.24
1.741e-05 0 0.24
1.742e-05 0 0.28
1.743e-05 -0.08 0.24
1.744e-05 0 0.24
1.745e-05 0 0.24
1.746e-05 0 0.24
1.747e-05 0 0.24
1.748e-05 -0.08 0.28
1.749e-05 0 0.24
1.75e-05 0 0.24
1.751e-05 0 0.32
1.752e-05 0 0.28
1.753e-05 0 0.24
1.754e-05 0 0.28
1.755e-05 -0.08 0.28
1.756e-05 0 0.24
1.757e-05 -0.08 0.24
1.758e-05 0 0.24
1.759e-05 0 0.28
1.76e-05 -0.08 0.24
1.761e-05 0 0.24
1.762e-05 -0.08 0.24
1.763e-05 0 0.24
1.764e-05 0 0.28
1.765e-05 0 0.28
1.766e-05 0 0.28
1.767e-05 -0.08 0.28
1.768e-05 -0.08 0.28
1.769e-05 -0.08 0.28
1.77e-05 -0.08 0.28
1.771e-05 0 0.24
1.772e-05 0 0.24
1.773e-05 -0.08 0.24
1.774e-05 -0.08 0.24
1.775e-05 -0.08 0.24
1.776e-05 0 0.24
1.777e-05 0 0.24
1.778e-05 0 0.24
1.779e-05 0 0.24
1.78e-05 0 0.24
1.781e-05 -0.08 0.28
1.782e-05 -0.08 0.28
1.783e-05 -0.08 0.28
1.784e-05 0 0.28
1.785e-05 0 0.28
1.786e-05 0 0.24
1.787e-05 0 0.24
1.788e-05 -0.08 0.24
1.789e-05 -0.08 0.24
1.79e-05 -0.08 0.24
1.791e-05 0 0.24
1.792e-05 0 0.24
1.793e-05 -0.08 0.24
1.794e-05 -0.08 0.24
1.795e-05 -0.08 0.24
1.796e-05 -0.08 0.24
1.797e-05 0 0.28
1.798e-05 -0.08 0.24
1.799e-05 -0.08 0.24
1.8e-05 -0.08 0.24
1.801e-05 0 0.28
1.802e-05 -0.08 0.28
1.803e-05 -0.08 0.28
1.804e-05 0 0.28
1.805e-05 0 0.24
1.806e-05 -0.08 0.24
1.807e-05 -0.08 0.24
1.808e-05 -0.08 0.2
1.809e-05 -0.08 0.24
1.81e-05 -0.08 0.24
1.811e-05 -0.08 0.24
1.812e-05 -0.08 0.24
1.813e-05 0 0.24
1.814e-05 0 0.24
1.815e-05 0 0.24
1.816e-05 0 0.28
1.817e-05 -0.08 0.28
1.818e-05 -0.08 0.24
1.819e-05 -0.08 0.24
1.82e-05 -0.08 0.28
1.821e-05 -0.08 0.24
1.822e-05 0 0.24
1.823e-05 -0.08 0.28
1.824e-05 -0.08 0.24
1.825e-05 -0.08 0.24
1.826e-05 -0.08 0.24
1.827e-05 -0.08 0.24
1.828e-05 -0.08 0.24
1.829e-05 -0.08 0.24
1.83e-05 -0.08 0.24
1.831e-05 -0.08 0.24
1.832e-05 0 0.24
1.833e-05 -0.08 0.28
1.834e-05 -0.08 0.24
1.835e-05 -0.08 0.28
1.836e-05 -0.08 0.24
1.837e-05 -0.08 0.24
1.838e-05 -0.08 0.28
1.839e-05 -0.08 0.24
1.84e-05 -0.08 0.24
1.841e-05 0 0.24
1.842e-05 0 0.24
1.843e-05 0 0.24
1.844e-05 -0.08 0.24
1.845e-05 -0.08 0.24
1.846e-05 -0.08 0.24
1.847e-05 -0.08 0.24
1.848e-05 0 0.24
1.849e-05 -0.08 0.28
1.85e-05 -0.08 0.28
1.851e-05 -0.08 0.24
1.852e-05 -0.08 0.24
1.853e-05 0 0.28
1.854e-05 -0.08 0.24
1.855e-05 -0.08 0.24
1.856e-05 -0.08 0.24
1.857e-05 -0.08 0.28
1.858e-05 -0.08 0.24
1.859e-05 -0.08 0.2
1.86e-05 0 0.28
1.861e-05 -0.08 0.24
1.862e-05 0 0.24
1.863e-05 0 0.24
1.864e-05 -0.08 0.24
1.865e-05 -0.08 0.24
1.866e-05 0 0.24
1.867e-05 -0.08 0.24
1.868e-05 -0.08 0.28
1.869e-05 -0.08 0.24
1.87e-05 -0.08 0.24
1.871e-05 -0.08 0.24
1.872e-05 -0.08 0.24
1.873e-05 -0.08 0.28
1.874e-05 -0.08 0.24
1.875e-05 0 0.24
1.876e-05 -0.08 0.24
1.877e-05 -0.08 0.24
1.878e-05 -0.08 0.24
1.879e-05 0 0.28
1.88e-05 -0.08 0.24
1.881e-05 -0.08 0.24
1.882e-05 -0.08 0.24
1.883e-05 -0.08 0.24
1.884e-05 -0.08 0.24
1.885e-05 -0.08 0.24
1.886e-05 -0.08 0.24
1.887e-05 -0.08 0.24
1.888e-05 -0.08 0.28
1.889e-05 -0.08 0.24
1.89e-05 -0.08 0.24
1.891e-05 -0.08 0.24
1.892e-05 -0.08 0.24
1.893e-05 -0.08 0.24
1.894e-05 -0.08 0.28
1.895e-05 -0.08 0.24
1.896e-05 -0.08 0.24
1.897e-05 -0.08 0.24
1.898e-05 0 0.24
1.899e-05 -0.08 0.24
1.9e-05 -0.08 0.24
1.901e-05 0 0.24
1.902e-05 -0.08 0.24
1.903e-05 -0.08 0.24
1.904e-05 -0.08 0.24
1.905e-05 0 0.24
1.906e-05 0 0.24
1.907e-05 -0.08 0.24
1.908e-05 -0.08 0.24
1.909e-05 -0.08 0.24
1.91e-05 -0.08 0.24
1.911e-05 -0.08 0.24
1.912e-05 -0.08 0.24
1.913e-05 -0.08 0.24
1.914e-05 -0.08 0.24
1.915e-05 0 0.24
1.916e-05 -0.08 0.24
1.917e-05 -0.08 0.28
1.918e-05 -0.08 0.24
1.919e-05 -0.08 0.24
1.92e-05 -0.08 0.24
1.921e-05 0 0.28
1.922e-05 -0.08 0.24
1.923e-05 0 0.24
1.924e-05 -0.08 0.24
1.925e-05 -0.08 0.24
1.926e-05 -0.08 0.24
1.927e-05 -0.08 0.24
1.928e-05 -0.08 0.24
1.929e-05 -0.08 0.24
1.93e-05 -0.08 0.24
1.931e-05 -0.08 0.24
1.932e-05 0 0.28
1.933e-05 -0.08 0.24
1.934e-05 -0.08 0.24
1.935e-05 0 0.24
1.936e-05 -0.08 0.24
1.937e-05 -0.08 0.24
1.938e-05 -0.08 0.28
1.939e-05 -0.08 0.24
1.94e-05 -0.08 0.24
1.941e-05 -0.08 0.24
1.942e-05 -0.08 0.24
1.943e-05 -0.08 0.24
1.944e-05 -0.08 0.24
1.945e-05 -0.08 0.24
1.946e-05 -0.08 0.24
1.947e-05 0 0.24
1.948e-05 -0.08 0.24
1.949e-05 -0.08 0.24
1.95e-05 -0.08 0.24
1.951e-05 -0.08 0.28
1.952e-05 -0.08 0.24
1.953e-05 -0.08 0.24
1.954e-05 -0.08 0.24
1.955e-05 -0.08 0.24
1.956e-05 -0.08 0.24
1.957e-05 -0.08 0.24
1.958e-05 -0.08 0.28
1.959e-05 -0.08 0.28
1.96e-05 -0.08 0.24
1.961e-05 -0.08 0.24
1.962e-05 -0.08 0.24
1.963e-05 -0.08 0.24
1.964e-05 -0.08 0.24
1.965e-05 0 0.24
1.966e-05 -0.08 0.24
1.967e-05 -0.08 0.24
1.968e-05 -0.08 0.24
1.969e-05 -0.08 0.24
1.97e-05 -0.08 0.24
1.971e-05 -0.08 0.28
1.972e-05 -0.08 0.24
1.973e-05 -0.08 0.36
1.974e-05 -0.08 0.44
1.975e-05 -0.08 0.56
1.976e-05 -0.08 0.64
1.977e-05 -0.08 0.68
1.978e-05 -0.08 0.72
1.979e-05 -0.08 0.84
1.98e-05 -0.08 0.92
1.981e-05 -0.08 1
1.982e-05 -0.08 1.04
1.983e-05 -0.08 1.12
1.984e-05 -0.08 1.16
1.985e-05 0 1.24
1.986e-05 -0.08 1.32
1.987e-05 -0.08 1.36
1.988e-05 -0.08 1.44
1.989e-05 -0.08 1.52
1.99e-05 -0.08 1.6
1.991e-05 -0.08 1.64
1.992e-05 -0.08 1.68
1.993e-05 -0.08 1.76
1.994e-05 -0.08 1.8
1.995e-05 -0.08 1.84
1.996e-05 -0.08 1.92
1.997e-05 -0.08 1.96
1.998e-05 0 2
1.999e-05 -0.08 2.08
2e-05 -0.08 2.12
2.001e-05 -0.08 2.16
2.002e-05 -0.08 2.2
2.003e-05 -0.08 2.24
2.004e-05 -0.08 2.28
2.005e-05 -0.08 2.36
2.006e-05 -0.08 2.4
2.007e-05 -0.08 2.44
2.008e-05 -0.08 2.52
2.009e-05 -0.08 2.56
2.01e-05 -0.08 2.56
2.011e-05 -0.08 2.64
2.012e-05 -0.08 2.64
2.013e-05 -0.08 2.68
2.014e-05 -0.08 2.72
2.015e-05 -0.08 2.8
2.016e-05 -0.08 2.84
2.017e-05 -0.08 2.84
2.018e-05 -0.12 2.88
2.019e-05 -0.08 2.96
2.02e-05 -0.08 2.96
2.021e-05 -0.12 3
2.022e-05 -0.08 3.04
2.023e-05 -0.08 3.08
2.024e-05 -0.08 3.12
2.025e-05 -0.08 3.16
2.026e-05 -0.08 3.2
2.027e-05 -0.08 3.2
2.028e-05 -0.08 3.24
2.029e-05 -0.08 3.28
2.03e-05 -0.08 3.28
2.031e-05 -0.08 3.32
2.032e-05 -0.08 3.36
2.033e-05 -0.08 3.4
2.034e-05 -0.08 3.44
2.035e-05 -0.08 3.44
2.036e-05 -0.08 3.48
2.037e-05 -0.08 3.48
2.038e-05 -0.08 3.52
2.039e-05 -0.08 3.56
2.04e-05 -0.08 3.6
2.041e-05 -0.08 3.6
2.042e-05 -0.08 3.64
2.043e-05 -0.08 3.64
2.044e-05 -0.08 3.68
2.045e-05 -0.08 3.72
2.046e-05 -0.08 3.72
2.047e-05 -0.08 3.76
2.048e-05 -0.08 3.76
2.049e-05 -0.08 3.76
2.05e-05 -0.12 3.84
2.051e-05 -0.08 3.84
2.052e-05 0 3.84
2.053e-05 -0.08 3.92
2.054e-05 -0.08 3.92
2.055e-05 -0.08 3.92
2.056e-05 -0.08 3.92
2.057e-05 -0.08 3.96
2.058e-05 -0.08 4
2.059e-05 -0.08 4
2.06e-05 -0.08 4.04
2.061e-05 -0.08 4.04
2.062e-05 -0.12 4.04
2.063e-05 -0.08 4.04
2.064e-05 -0.08 4.08
2.065e-05 -0.12 4.08
2.066e-05 -0.08 4.08
2.067e-05 -0.08 4.16
2.068e-05 -0.12 4.12
2.069e-05 -0.08 4.16
2.07e-05 -0.08 4.16
2.071e-05 -0.08 4.16
2.072e-05 -0.08 4.24
2.073e-05 -0.08 4.24
2.074e-05 -0.08 4.24
2.075e-05 -0.08 4.2
2.076e-05 -0.08 4.28
2.077e-05 -0.08 4.32
2.078e-05 -0.08 4.28
2.079e-05 -0.08 4.28
2.08e-05 -0.08 4.36
2.081e-05 -0.08 4.32
2.082e-05 -0.08 4.32
2.083e-05 -0.08 4.36
2.084e-05 -0.08 4.36
2.085e-05 -0.08 4.36
2.086e-05 -0.12 4.36
2.087e-05 -0.08 4.4
2.088e-05 -0.08 4.4
2.089e-05 -0.08 4.4
2.09e-05 -0.08 4.44
2.091e-05 -0.08 4.48
2.092e-05 -0.08 4.48
2.093e-05 -0.12 4.48
2.094e-05 0 4.48
2.095e-05 -0.08 4.52
2.096e-05 -0.08 4.48
2.097e-05 -0.08 4.48
2.098e-05 -0.08 4.52
2.099e-05 -0.08 4.52
2.1e-05 -0.08 4.52
2.101e-05 -0.08 4.52
2.102e-05 -0.08 4.56
2.103e-05 0 4.56
2.104e-05 -0.08 4.56
2.105e-05 -0.08 4.56
2.106e-05 -0.08 4.56
2.107e-05 -0.08 4.6
2.108e-05 -0.08 4.6
2.109e-05 -0.08 4.6
2.11e-05 -0.08 4.64
2.111e-05 -0.08 4.64
2.112e-05 -0.08 4.6
2.113e-05 -0.08 4.6
2.114e-05 -0.08 4.64
2.115e-05 -0.08 4.64
2.116e-05 -0.12 4.64
2.117e-05 -0.08 4.68
2.118e-05 -0.08 4.68
2.119e-05 -0.08 4.68
2.12e-05 -0.08 4.68
2.121e-05 -0.08 4.68
2.122e-05 -0.08 4.72
2.123e-05 -0.08 4.68
2.124e-05 -0.08 4.72
2.125e-05 -0.08 4.72
2.126e-05 -0.08 4.72
2.127e-05 -0.08 4.72
2.128e-05 -0.08 4.76
2.129e-05 -0.08 4.76
2.13e-05 -0.08 4.72
2.131e-05 -0.08 4.72
2.132e-05 -0.08 4.76
2.133e-05 -0.08 4.72
2.134e-05 -0.08 4.72
2.135e-05 -0.08 4.76
2.136e-05 -0.08 4.8
2.137e-05 -0.08 4.76
2.138e-05 -0.08 4.76
2.139e-05 -0.08 4.8
2.14e-05 -0.08 4.8
2.141e-05 -0.08 4.8
2.142e-05 -0.08 4.84
2.143e-05 -0.12 4.8
2.144e-05 -0.08 4.84
2.145e-05 -0.08 4.84
2.146e-05 -0.08 4.8
2.147e-05 -0.08 4.8
2.148e-05 -0.08 4.84
2.149e-05 -0.08 4.8
2.15e-05 -0.08 4.84
2.151e-05 -0.08 4.84
2.152e-05 -0.08 4.84
2.153e-05 -0.08 4.84
2.154e-05 -0.08 4.84
2.155e-05 -0.08 4.84
2.156e-05 -0.08 4.84
2.157e-05 -0.08 4.84
2.158e-05 -0.08 4.84
2.159e-05 -0.08 4.88
2.16e-05 -0.08 4.88
2.161e-05 -0.08 4.84
2.162e-05 -0.08 4.88
2.163e-05 -0.08 4.88
2.164e-05 -0.08 4.88
2.165e-05 -0.08 4.88
2.166e-05 -0.08 4.88
2.167e-05 -0.08 4.88
2.168e-05 -0.08 4.88
2.169e-05 -0.08 4.88
2.17e-05 -0.08 4.88
2.171e-05 -0.08 4.88
2.172e-05 -0.08 4.88
2.173e-05 -0.08 4.88
2.174e-05 -0.08 4.88
2.175e-05 -0.08 4.92
2.176e-05 -0.08 4.96
2.177e-05 -0.08 4.92
2.178e-05 -0.08 4.92
2.179e-05 -0.12 4.88
2.18e-05 -0.08 4.92
2.181e-05 -0.08 4.92
2.182e-05 -0.08 4.92
2.183e-05 -0.08 4.92
2.184e-05 -0.08 4.92
2.185e-05 -0.08 4.96
2.186e-05 -0.08 4.96
2.187e-05 -0.12 4.92
2.188e-05 -0.08 4.88
2.189e-05 -0.08 4.96
2.19e-05 -0.08 4.96
2.191e-05 -0.08 4.96
2.192e-05 -0.08 5
2.193e-05 -0.08 5
2.194e-05 -0.08 4.96
2.195e-05 -0.08 5
2.196e-05 -0.08 4.96
2.197e-05 -0.12 5
2.198e-05 -0.08 4.96
2.199e-05 -0.08 4.96
2.2e-05 -0.08 4.96
2.201e-05 -0.08 4.96
2.202e-05 -0.12 5
2.203e-05 -0.08 4.96
2.204e-05 0 5
2.205e-05 -0.08 5
2.206e-05 -0.08 4.96
2.207e-05 -0.08 5
2.208e-05 -0.08 5
2.209e-05 -0.08 5
2.21e-05 -0.08 5
2.211e-05 -0.08 5
2.212e-05 -0.08 5
2.213e-05 -0.08 5
2.214e-05 -0.08 5
2.215e-05 -0.08 5
2.216e-05 -0.08 5
2.217e-05 -0.08 5
2.218e-05 -0.08 5
2.219e-05 -0.08 5
2.22e-05 -0.08 5
2.221e-05 -0.12 4.96
2.222e-05 -0.08 5
2.223e-05 -0.08 5.04
2.224e-05 -0.08 5
2.225e-05 -0.08 5
2.226e-05 -0.08 5.04
2.227e-05 -0.08 5.04
2.228e-05 -0.08 5.04
2.229e-05 -0.08 5
2.23e-05 -0.08 5.04
2.231e-05 -0.08 5.04
2.232e-05 -0.08 5
2.233e-05 -0.08 5.04
2.234e-05 -0.08 5
2.235e-05 -0.08 5.04
2.236e-05 -0.08 5.04
2.237e-05 -0.08 5
2.238e-05 -0.08 5.04
2.239e-05 -0.08 5
2.24e-05 -0.08 5.04
2.241e-05 -0.08 5
2.242e-05 -0.08 5.04
2.243e-05 -0.12 5.04
2.244e-05 -0.08 5.04
2.245e-05 -0.08 5.04
2.246e-05 -0.08 5.08
2.247e-05 -0.08 5.04
2.248e-05 -0.08 5
2.249e-05 -0.08 5.04
2.25e-05 -0.08 5.04
2.251e-05 -0.08 5.04
2.252e-05 -0.08 5.04
2.253e-05 -0.08 5.04
2.254e-05 -0.08 5.04
2.255e-05 -0.08 5.04
2.256e-05 -0.08 5.04
2.257e-05 -0.08 5.04
2.258e-05 -0.08 5.04
2.259e-05 -0.12 5.04
2.26e-05 -0.08 5.04
2.261e-05 -0.08 5.04
2.262e-05 -0.08 5.04
2.263e-05 -0.08 5.04
2.264e-05 -0.08 5.04
2.265e-05 -0.08 5.04
2.266e-05 -0.08 5.04
2.267e-05 -0.08 5.04
2.268e-05 -0.08 5.04
2.269e-05 -0.08 5.04
2.27e-05 -0.08 5.04
2.271e-05 -0.08 5.04
2.272e-05 -0.08 5.04
2.273e-05 -0.08 5.04
2.274e-05 -0.08 5.04
2.275e-05 -0.12 5.04
2.276e-05 -0.08 5.08
2.277e-05 -0.08 5.04
2.278e-05 -0.08 5.04
2.279e-05 -0.08 5.04
2.28e-05 -0.08 5.08
2.281e-05 -0.08 5.08
2.282e-05 -0.12 5.04
2.283e-05 -0.08 5.04
2.284e-05 -0.08 5.08
2.285e-05 -0.08 5.04
2.286e-05 -0.08 5.04
2.287e-05 -0.08 5.04
2.288e-05 -0.08 5.08
2.289e-05 -0.08 5.04
2.29e-05 -0.08 5.04
2.291e-05 -0.08 5.08
2.292e-05 -0.08 5.04
2.293e-05 -0.08 5.04
2.294e-05 -0.12 5.04
2.295e-05 -0.08 5.08
2.296e-05 -0.08 5.08
2.297e-05 -0.08 5.08
2.298e-05 -0.08 5.04
2.299e-05 -0.08 5.08
2.3e-05 -0.08 5.08
2.301e-05 -0.08 5.04
2.302e-05 -0.08 5.04
2.303e-05 -0.08 5.04
2.304e-05 -0.08 5.04
2.305e-05 -0.08 5.04
2.306e-05 -0.08 5.08
2.307e-05 -0.08 5.08
2.308e-05 -0.12 5.04
2.309e-05 -0.08 5.04
2.31e-05 -0.08 5.04
2.311e-05 -0.08 5.08
2.312e-05 -0.08 5.08
2.313e-05 -0.08 5.08
2.314e-05 -0.08 5.08
2.315e-05 -0.12 5.08
2.316e-05 -0.08 5.08
2.317e-05 -0.08 5.04
2.318e-05 -0.12 5.08
2.319e-05 -0.08 5.04
2.32e-05 -0.08 5.04
2.321e-05 -0.08 5.08
2.322e-05 -0.08 5.08
2.323e-05 -0.08 5.04
2.324e-05 -0.08 5.08
2.325e-05 -0.08 5.08
2.326e-05 -0.08 5.04
2.327e-05 -0.12 5.04
2.328e-05 -0.08 5.08
2.329e-05 -0.08 5.12
2.33e-05 -0.08 5.08
2.331e-05 -0.08 5.08
2.332e-05 -0.08 5.08
2.333e-05 -0.08 5.08
2.334e-05 -0.08 5.08
2.335e-05 -0.08 5.04
2.336e-05 -0.08 5.12
2.337e-05 -0.12 5.08
2.338e-05 -0.08 5.08
2.339e-05 -0.08 5.08
2.34e-05 -0.08 5.04
2.341e-05 -0.08 5.08
2.342e-05 -0.08 5.04
2.343e-05 -0.08 5.08
2.344e-05 -0.12 5.08
2.345e-05 -0.08 5.08
2.346e-05 -0.08 5.08
2.347e-05 -0.08 5.04
2.348e-05 -0.08 5.08
2.349e-05 -0.08 5.12
2.35e-05 -0.08 5.04
2.351e-05 -0.08 5.12
2.352e-05 -0.08 5.08
2.353e-05 -0.08 5.08
2.354e-05 -0.08 5.08
2.355e-05 -0.08 5.04
2.356e-05 -0.08 5.08
2.357e-05 -0.08 5.08
2.358e-05 -0.08 5.08
2.359e-05 -0.08 5.08
2.36e-05 -0.08 5.08
2.361e-05 -0.08 5.08
2.362e-05 -0.08 5.08
2.363e-05 -0.08 5.08
2.364e-05 -0.08 5.08
2.365e-05 -0.08 5.08
2.366e-05 -0.08 5.08
2.367e-05 -0.08 5.12
2.368e-05 -0.12 5.04
2.369e-05 -0.08 5.08
2.37e-05 -0.08 5.08
2.371e-05 -0.08 5.08
2.372e-05 -0.12 5.08
2.373e-05 -0.08 5.08
2.374e-05 -0.08 5.08
2.375e-05 -0.08 5.08
2.376e-05 -0.08 5.08
2.377e-05 -0.08 5.08
2.378e-05 -0.12 5.08
2.379e-05 -0.08 5.08
2.38e-05 -0.08 5.08
2.381e-05 -0.12 5.08
2.382e-05 -0.08 5.12
2.383e-05 -0.08 5.12
2.384e-05 -0.08 5.12
2.385e-05 -0.08 5.12
2.386e-05 -0.08 5.08
2.387e-05 -0.08 5.08
2.388e-05 -0.08 5.08
2.389e-05 -0.12 5.08
2.39e-05 -0.08 5.08
2.391e-05 -0.08 5.04
2.392e-05 -0.08 5.08
2.393e-05 -0.08 5.12
2.394e-05 -0.08 5.08
2.395e-05 -0.12 5.08
2.396e-05 -0.08 5.08
2.397e-05 -0.08 5.12
2.398e-05 -0.08 5.08
2.399e-05 -0.08 5.08
2.4e-05 -0.12 5.12
2.401e-05 -0.08 5.12
2.402e-05 -0.08 5.08
2.403e-05 -0.08 5.08
2.404e-05 -0.08 5.12
2.405e-05 -0.08 5.08
2.406e-05 -0.08 5.08
2.407e-05 -0.08 5.12
2.408e-05 -0.08 5.08
2.409e-05 -0.08 5.08
2.41e-05 -0.08 5.08
2.411e-05 -0.08 5.12
2.412e-05 -0.12 5.08
2.413e-05 -0.12 5.08
2.414e-05 -0.08 5.12
2.415e-05 -0.08 5.12
2.416e-05 -0.12 5.08
2.417e-05 -0.08 5.12
2.418e-05 -0.08 5.08
2.419e-05 -0.08 5.08
2.42e-05 -0.08 5.08
2.421e-05 -0.08 5.08
2.422e-05 -0.08 5.08
2.423e-05 -0.08 5.08
2.424e-05 -0.08 5.08
2.425e-05 -0.12 5.04
2.426e-05 -0.08 5.08
2.427e-05 -0.08 5.12
2.428e-05 -0.08 5.08
2.429e-05 -0.08 5.04
2.43e-05 -0.08 5.08
2.431e-05 -0.08 5.12
2.432e-05 -0.08 5.08
2.433e-05 -0.08 5.08
2.434e-05 -0.08 5.12
2.435e-05 -0.08 5.12
2.436e-05 -0.08 5.08
2.437e-05 -0.12 5.12
2.438e-05 -0.08 5.08
2.439e-05 -0.08 5.08
2.44e-05 -0.12 5.12
2.441e-05 -0.08 5.08
2.442e-05 -0.08 5.12
2.443e-05 -0.08 5.08
2.444e-05 -0.12 5.08
2.445e-05 -0.08 5.12
2.446e-05 -0.12 5.12
2.447e-05 -0.08 5.12
2.448e-05 -0.08 5.12
2.449e-05 -0.08 5.08
2.45e-05 -0.08 5.12
2.451e-05 -0.08 5.08
2.452e-05 -0.08 5.08
2.453e-05 -0.08 5.08
2.454e-05 -0.08 5.12
2.455e-05 -0.08 5.08
2.456e-05 -0.12 5.08
2.457e-05 -0.08 5.08
2.458e-05 -0.12 5.12
2.459e-05 -0.12 5.08
2.46e-05 -0.12 5.08
2.461e-05 -0.08 5.08
2.462e-05 -0.12 5.12
2.463e-05 -0.08 5.04
2.464e-05 -0.08 5.08
2.465e-05 -0.12 5.08
2.466e-05 -0.08 5.08
2.467e-05 -0.08 5.12
2.468e-05 -0.08 5.12
2.469e-05 -0.12 5.12
2.47e-05 -0.12 5.12
2.471e-05 -0.08 5.12
2.472e-05 -0.08 5.12
2.473e-05 -0.08 5.08
2.474e-05 -0.08 5.08
2.475e-05 -0.08 5.08
2.476e-05 -0.08 4.92
2.477e-05 -0.08 4.64
2.478e-05 -0.08 4.28
2.479e-05 -0.08 3.92
2.48e-05 -0.12 3.56
2.481e-05 -0.12 3.2
2.482e-05 -0.12 2.8
2.483e-05 -0.12 2.44
2.484e-05 -0.12 2.12
2.485e-05 -0.12 1.8
2.486e-05 -0.08 1.48
2.487e-05 -0.12 1.2
2.488e-05 -0.12 0.88
2.489e-05 -0.12 0.64
2.49e-05 -0.12 0.44
2.491e-05 -0.12 0.32
2.492e-05 -0.12 0.28
2.493e-05 -0.12 0.24
2.494e-05 -0.08 0.28
2.495e-05 -0.08 0.32
2.496e-05 -0.08 0.32
2.497e-05 -0.08 0.32
2.498e-05 -0.08 0.36
2.499e-05 -0.12 0.32
2.5e-05 -0.08 0.32
2.501e-05 -0.08 0.32
2.502e-05 -0.08 0.32
2.503e-05 -0.08 0.32
2.504e-05 -0.08 0.32
2.505e-05 -0.08 0.32
2.506e-05 -0.08 0.32
2.507e-05 -0.08 0.28
2.508e-05 -0.08 0.32
2.509e-05 -0.08 0.28
2.51e-05 -0.08 0.32
2.511e-05 0.04 0.28
2.512e-05 0.12 0.28
2.513e-05 0.2 0.28
2.514e-05 0.28 0.32
2.515e-05 0.36 0.32
2.516e-05 0.44 0.32
2.517e-05 0.36 0.32
2.518e-05 0.32 0.32
2.519e-05 0.16 0.32
2.52e-05 0.08 0.28
2.521e-05 0 0.32
2.522e-05 -0.08 0.24
2.523e-05 -0.08 0.28
2.524e-05 -0.08 0.24
2.525e-05 -0.08 0.28
2.526e-05 -0.08 0.28
2.527e-05 -0.08 0.24
2.528e-05 -0.08 0.28
2.529e-05 -0.08 0.32
2.53e-05 -0.08 0.28
2.531e-05 -0.08 0.28
2.532e-05 -0.08 0.28
2.533e-05 -0.08 0.32
2.534e-05 -0.08 0.28
2.535e-05 -0.08 0.28
2.536e-05 -0.08 0.32
2.537e-05 -0.12 0.28
2.538e-05 -0.08 0.28
2.539e-05 -0.08 0.28
2.54e-05 -0.08 0.32
2.541e-05 -0.08 0.28
2.542e-05 -0.08 0.28
2.543e-05 -0.08 0.28
2.544e-05 -0.08 0.24
2.545e-05 -0.12 0.28
2.546e-05 -0.08 0.28
2.547e-05 -0.08 0.32
2.548e-05 -0.12 0.28
2.549e-05 -0.08 0.28
2.55e-05 -0.08 0.28
2.551e-05 -0.08 0.32
2.552e-05 -0.08 0.28
2.553e-05 -0.08 0.32
2.554e-05 -0.08 0.28
2.555e-05 -0.08 0.32
2.556e-05 -0.08 0.28
2.557e-05 -0.08 0.28
2.558e-05 -0.08 0.28
2.559e-05 -0.08 0.24
2.56e-05 -0.08 0.28
2.561e-05 -0.08 0.24
2.562e-05 -0.12 0.28
2.563e-05 -0.08 0.28
2.564e-05 -0.08 0.24
2.565e-05 -0.12 0.24
2.566e-05 -0.08 0.28
2.567e-05 -0.08 0.28
2.568e-05 -0.08 0.28
2.569e-05 -0.08 0.28
2.57e-05 -0.08 0.28
2.571e-05 -0.08 0.28
2.572e-05 -0.08 0.28
2.573e-05 -0.12 0.28
2.574e-05 -0.08 0.28
2.575e-05 -0.12 0.28
2.576e-05 -0.08 0.28
2.577e-05 -0.12 0.24
2.578e-05 -0.08 0.28
2.579e-05 -0.08 0.28
2.58e-05 -0.08 0.28
2.581e-05 -0.08 0.24
2.582e-05 -0.08 0.28
2.583e-05 -0.08 0.28
2.584e-05 -0.08 0.32
2.585e-05 -0.08 0.28
2.586e-05 -0.08 0.28
2.587e-05 -0.08 0.28
2.588e-05 -0.08 0.28
2.589e-05 -0.08 0.32
2.59e-05 -0.08 0.28
2.591e-05 -0.08 0.28
2.592e-05 -0.08 0.28
2.593e-05 -0.12 0.28
2.594e-05 -0.08 0.28
2.595e-05 -0.08 0.24
2.596e-05 -0.08 0.28
2.597e-05 -0.08 0.32
2.598e-05 -0.08 0.28
2.599e-05 -0.08 0.24
2.6e-05 -0.08 0.28
2.601e-05 -0.08 0.32
2.602e-05 -0.08 0.28
2.603e-05 -0.08 0.24
2.604e-05 -0.08 0.28
2.605e-05 -0.08 0.28
2.606e-05 -0.08 0.24
2.607e-05 -0.08 0.28
2.608e-05 -0.08 0.32
2.609e-05 -0.08 0.28
2.61e-05 -0.08 0.24
2.611e-05 -0.08 0.28
2.612e-05 -0.08 0.28
2.613e-05 -0.08 0.28
2.614e-05 -0.08 0.24
2.615e-05 -0.08 0.28
2.616e-05 -0.08 0.32
2.617e-05 -0.08 0.28
2.618e-05 -0.08 0.28
2.619e-05 -0.12 0.28
2.62e-05 -0.08 0.28
2.621e-05 -0.08 0.28
2.622e-05 -0.08 0.28
2.623e-05 -0.08 0.28
2.624e-05 -0.08 0.24
2.625e-05 -0.12 0.24
2.626e-05 -0.08 0.28
2.627e-05 -0.08 0.28
2.628e-05 -0.08 0.24
2.629e-05 -0.08 0.24
2.63e-05 -0.12 0.24
2.631e-05 -0.08 0.28
2.632e-05 -0.08 0.24
2.633e-05 -0.12 0.24
2.634e-05 -0.08 0.28
2.635e-05 -0.08 0.24
2.636e-05 -0.08 0.24
2.637e-05 -0.12 0.24
2.638e-05 -0.08 0.28
2.639e-05 -0.08 0.28
2.64e-05 -0.08 0.24
2.641e-05 -0.08 0.28
2.642e-05 -0.08 0.28
2.643e-05 -0.08 0.28
2.644e-05 -0.12 0.24
2.645e-05 -0.08 0.28
2.646e-05 -0.08 0.24
2.647e-05 -0.08 0.24
2.648e-05 -0.08 0.24
2.649e-05 -0.08 0.28
2.65e-05 -0.08 0.24
2.651e-05 -0.12 0.24
2.652e-05 -0.08 0.24
2.653e-05 -0.12 0.28
2.654e-05 -0.08 0.32
2.655e-05 -0.08 0.28
2.656e-05 -0.08 0.28
2.657e-05 -0.08 0.28
2.658e-05 -0.08 0.28
2.659e-05 -0.08 0.32
2.66e-05 -0.12 0.28
2.661e-05 -0.08 0.24
2.662e-05 -0.08 0.24
2.663e-05 -0.12 0.24
2.664e-05 -0.12 0.24
2.665e-05 -0.12 0.28
2.666e-05 -0.08 0.24
2.667e-05 -0.08 0.24
2.668e-05 -0.12 0.28
2.669e-05 -0.08 0.28
2.67e-05 -0.08 0.28
2.671e-05 -0.08 0.28
2.672e-05 -0.12 0.28
2.673e-05 -0.08 0.28
2.674e-05 -0.08 0.28
2.675e-05 -0.12 0.24
2.676e-05 -0.08 0.28
2.677e-05 -0.08 0.24
2.678e-05 -0.08 0.28
2.679e-05 -0.08 0.32
2.68e-05 -0.08 0.28
2.681e-05 -0.08 0.28
2.682e-05 -0.08 0.24
2.683e-05 -0.08 0.24
2.684e-05 -0.08 0.24
2.685e-05 -0.08 0.24
2.686e-05 -0.08 0.24
2.687e-05 -0.08 0.28
2.688e-05 -0.08 0.28
2.689e-05 -0.08 0.28
2.69e-05 -0.08 0.24
2.691e-05 -0.12 0.28
2.692e-05 -0.08 0.28
2.693e-05 -0.08 0.24
2.694e-05 -0.08 0.28
2.695e-05 -0.12 0.28
2.696e-05 -0.12 0.24
2.697e-05 -0.08 0.28
2.698e-05 -0.08 0.24
2.699e-05 -0.08 0.28
2.7e-05 -0.08 0.24
2.701e-05 -0.08 0.24
2.702e-05 -0.08 0.24
2.703e-05 -0.08 0.28
2.704e-05 -0.08 0.28
2.705e-05 -0.08 0.28
2.706e-05 -0.08 0.28
2.707e-05 -0.08 0.32
2.708e-05 -0.08 0.24
2.709e-05 -0.08 0.24
2.71e-05 -0.12 0.24
2.711e-05 -0.08 0.24
2.712e-05 -0.08 0.24
2.713e-05 -0.08 0.24
2.714e-05 -0.08 0.24
2.715e-05 -0.08 0.24
2.716e-05 -0.08 0.24
2.717e-05 -0.08 0.28
2.718e-05 -0.08 0.24
2.719e-05 -0.08 0.28
2.72e-05 -0.08 0.28
2.721e-05 -0.12 0.24
2.722e-05 -0.08 0.24
2.723e-05 -0.08 0.28
2.724e-05 -0.08 0.28
2.725e-05 -0.08 0.28
2.726e-05 -0.08 0.28
2.727e-05 -0.08 0.24
2.728e-05 -0.08 0.24
2.729e-05 -0.12 0.24
2.73e-05 -0.08 0.24
2.731e-05 -0.08 0.24
2.732e-05 -0.08 0.24
2.733e-05 -0.12 0.24
2.734e-05 -0.08 0.24
2.735e-05 -0.08 0.24
2.736e-05 -0.08 0.28
2.737e-05 -0.12 0.28
2.738e-05 -0.08 0.24
2.739e-05 -0.08 0.24
2.74e-05 -0.08 0.28
2.741e-05 -0.12 0.28
2.742e-05 -0.08 0.24
2.743e-05 -0.08 0.24
2.744e-05 -0.08 0.28
2.745e-05 -0.12 0.24
2.746e-05 -0.08 0.24
2.747e-05 -0.08 0.28
2.748e-05 -0.08 0.24
2.749e-05 -0.12 0.24
2.75e-05 -0.08 0.24
2.751e-05 -0.08 0.28
2.752e-05 -0.12 0.24
2.753e-05 -0.12 0.24
2.754e-05 -0.08 0.24
2.755e-05 -0.08 0.28
2.756e-05 -0.08 0.24
2.757e-05 -0.12 0.28
2.758e-05 -0.08 0.24
2.759e-05 -0.08 0.28
2.76e-05 -0.12 0.24
2.761e-05 -0.08 0.24
2.762e-05 -0.08 0.24
2.763e-05 -0.08 0.24
2.764e-05 -0.08 0.28
2.765e-05 -0.12 0.24
2.766e-05 -0.08 0.24
2.767e-05 -0.08 0.24
2.768e-05 -0.08 0.24
2.769e-05 -0.08 0.24
2.77e-05 -0.08 0.28
2.771e-05 -0.08 0.24
2.772e-05 -0.08 0.24
2.773e-05 -0.08 0.24
2.774e-05 -0.08 0.28
2.775e-05 -0.08 0.28
2.776e-05 -0.12 0.24
2.777e-05 -0.08 0.28
2.778e-05 -0.08 0.24
2.779e-05 -0.12 0.24
2.78e-05 -0.08 0.24
2.781e-05 -0.08 0.28
2.782e-05 -0.08 0.24
2.783e-05 -0.08 0.24
2.784e-05 -0.12 0.24
2.785e-05 -0.12 0.28
2.786e-05 -0.08 0.24
2.787e-05 -0.08 0.28
2.788e-05 -0.08 0.24
2.789e-05 -0.08 0.24
2.79e-05 -0.08 0.28
2.791e-05 -0.08 0.24
2.792e-05 -0.08 0.24
2.793e-05 -0.08 0.28
2.794e-05 -0.08 0.24
2.795e-05 -0.08 0.28
2.796e-05 -0.12 0.24
2.797e-05 -0.08 0.24
2.798e-05 -0.08 0.24
2.799e-05 -0.12 0.24
2.8e-05 -0.08 0.24
2.801e-05 -0.12 0.24
2.802e-05 -0.08 0.24
2.803e-05 -0.08 0.24
2.804e-05 -0.08 0.28
2.805e-05 -0.08 0.28
2.806e-05 -0.12 0.24
2.807e-05 -0.08 0.24
2.808e-05 -0.08 0.28
2.809e-05 -0.12 0.24
2.81e-05 -0.08 0.24
2.811e-05 -0.08 0.24
2.812e-05 -0.08 0.28
2.813e-05 -0.08 0.24
2.814e-05 -0.08 0.24
2.815e-05 -0.12 0.28
2.816e-05 -0.12 0.24
2.817e-05 -0.08 0.24
2.818e-05 -0.08 0.24
2.819e-05 -0.12 0.24
2.82e-05 -0.08 0.24
2.821e-05 -0.08 0.28
2.822e-05 -0.12 0.24
2.823e-05 -0.08 0.24
2.824e-05 -0.12 0.24
2.825e-05 -0.08 0.24
2.826e-05 -0.08 0.28
2.827e-05 -0.08 0.28
2.828e-05 -0.08 0.24
2.829e-05 -0.12 0.24
2.83e-05 -0.08 0.28
2.831e-05 -0.12 0.24
2.832e-05 -0.08 0.24
2.833e-05 -0.08 0.24
2.834e-05 -0.08 0.24
2.835e-05 -0.08 0.24
2.836e-05 -0.08 0.24
2.837e-05 -0.08 0.24
2.838e-05 -0.08 0.28
2.839e-05 -0.08 0.28
2.84e-05 -0.08 0.24
2.841e-05 -0.08 0.24
2.842e-05 -0.08 0.28
2.843e-05 -0.12 0.24
2.844e-05 -0.12 0.24
2.845e-05 -0.08 0.28
2.846e-05 -0.08 0.24
2.847e-05 -0.12 0.24
2.848e-05 -0.08 0.24
2.849e-05 -0.08 0.24
2.85e-05 -0.12 0.24
2.851e-05 -0.08 0.24
2.852e-05 -0.08 0.24
2.853e-05 -0.08 0.24
2.854e-05 -0.08 0.24
2.855e-05 -0.08 0.24
2.856e-05 -0.08 0.24
2.857e-05 -0.08 0.24
2.858e-05 -0.08 0.28
2.859e-05 -0.08 0.24
2.86e-05 -0.08 0.24
2.861e-05 -0.08 0.28
2.862e-05 -0.12 0.24
2.863e-05 -0.08 0.24
2.864e-05 -0.08 0.28
2.865e-05 -0.12 0.24
2.866e-05 -0.08 0.24
2.867e-05 -0.08 0.24
2.868e-05 -0.08 0.24
2.869e-05 -0.08 0.24
2.87e-05 -0.08 0.24
2.871e-05 -0.08 0.24
2.872e-05 -0.08 0.28
2.873e-05 -0.08 0.24
2.874e-05 -0.08 0.24
2.875e-05 -0.12 0.24
2.876e-05 -0.08 0.28
2.877e-05 -0.08 0.28
2.878e-05 -0.08 0.24
2.879e-05 -0.08 0.24
2.88e-05 -0.12 0.24
2.881e-05 -0.08 0.24
2.882e-05 -0.12 0.24
2.883e-05 -0.08 0.28
2.884e-05 -0.08 0.24
2.885e-05 -0.08 0.24
2.886e-05 -0.08 0.24
2.887e-05 -0.12 0.24
2.888e-05 -0.08 0.28
2.889e-05 -0.12 0.24
2.89e-05 -0.12 0.24
2.891e-05 -0.12 0.28
2.892e-05 -0.08 0.24
2.893e-05 -0.08 0.24
2.894e-05 -0.08 0.24
2.895e-05 -0.12 0.24
2.896e-05 -0.08 0.28
2.897e-05 -0.08 0.24
2.898e-05 -0.08 0.28
2.899e-05 -0.08 0.24
2.9e-05 -0.08 0.24
2.901e-05 -0.08 0.24
2.902e-05 -0.08 0.24
2.903e-05 -0.12 0.24
2.904e-05 -0.08 0.24
2.905e-05 -0.08 0.24
2.906e-05 -0.08 0.24
2.907e-05 -0.12 0.24
2.908e-05 -0.08 0.24
2.909e-05 -0.08 0.24
2.91e-05 -0.12 0.28
2.911e-05 -0.08 0.24
2.912e-05 -0.08 0.24
2.913e-05 -0.08 0.24
2.914e-05 -0.12 0.24
2.915e-05 -0.08 0.24
2.916e-05 -0.08 0.24
2.917e-05 -0.08 0.24
2.918e-05 -0.08 0.24
2.919e-05 -0.12 0.24
2.92e-05 -0.12 0.24
2.921e-05 -0.08 0.24
2.922e-05 -0.08 0.24
2.923e-05 -0.08 0.24
2.924e-05 -0.12 0.24
2.925e-05 -0.08 0.24
2.926e-05 -0.08 0.24
2.927e-05 -0.12 0.24
2.928e-05 -0.08 0.24
2.929e-05 -0.08 0.28
2.93e-05 -0.08 0.24
2.931e-05 -0.08 0.24
2.932e-05 -0.08 0.24
2.933e-05 -0.08 0.24
2.934e-05 -0.12 0.24
2.935e-05 -0.08 0.24
2.936e-05 -0.08 0.24
2.937e-05 -0.08 0.24
2.938e-05 -0.08 0.24
2.939e-05 -0.08 0.24
2.94e-05 -0.08 0.24
2.941e-05 -0.08 0.28
2.942e-05 -0.08 0.24
2.943e-05 -0.08 0.24
2.944e-05 -0.08 0.28
2.945e-05 -0.12 0.28
2.946e-05 -0.08 0.24
2.947e-05 -0.08 0.28
2.948e-05 -0.08 0.28
2.949e-05 -0.08 0.24
2.95e-05 -0.08 0.24
2.951e-05 -0.08 0.24
2.952e-05 -0.08 0.24
2.953e-05 -0.12 0.24
2.954e-05 -0.08 0.24
2.955e-05 -0.08 0.24
2.956e-05 -0.08 0.28
2.957e-05 -0.08 0.24
2.958e-05 -0.08 0.28
2.959e-05 -0.12 0.24
2.96e-05 -0.08 0.24
2.961e-05 -0.08 0.28
2.962e-05 -0.08 0.24
2.963e-05 -0.08 0.24
2.964e-05 -0.08 0.28
2.965e-05 -0.08 0.24
2.966e-05 -0.08 0.24
2.967e-05 -0.12 0.24
2.968e-05 -0.12 0.24
2.969e-05 -0.08 0.24
2.97e-05 -0.08 0.24
2.971e-05 -0.08 0.24
2.972e-05 -0.08 0.24
2.973e-05 -0.12 0.24
2.974e-05 -0.08 0.32
2.975e-05 -0.12 0.36
2.976e-05 -0.08 0.48
2.977e-05 -0.12 0.64
2.978e-05 -0.08 0.68
2.979e-05 -0.08 0.76
2.98e-05 -0.08 0.8
2.981e-05 -0.12 0.88
2.982e-05 -0.12 0.96
2.983e-05 -0.08 1.04
2.984e-05 -0.08 1.12
2.985e-05 -0.12 1.16
2.986e-05 -0.08 1.24
2.987e-05 -0.08 1.32
2.988e-05 -0.08 1.36
2.989e-05 -0.08 1.44
2.99e-05 -0.12 1.48
2.991e-05 -0.08 1.56
2.992e-05 -0.12 1.6
2.993e-05 -0.08 1.68
2.994e-05 -0.12 1.76
2.995e-05 -0.08 1.8
2.996e-05 -0.08 1.84
2.997e-05 -0.08 1.92
2.998e-05 -0.08 1.96
2.999e-05 -0.08 2
3e-05 -0.08 2.04
3.001e-05 -0.08 2.12
3.002e-05 -0.08 2.16
3.003e-05 -0.08 2.16
3.004e-05 -0.08 2.24
3.005e-05 -0.12 2.28
3.006e-05 -0.12 2.32
3.007e-05 -0.08 2.4
3.008e-05 -0.08 2.44
3.009e-05 -0.08 2.48
3.01e-05 -0.12 2.48
3.011e-05 -0.08 2.56
3.012e-05 -0.12 2.6
3.013e-05 -0.08 2.64
3.014e-05 -0.08 2.68
3.015e-05 -0.08 2.72
3.016e-05 -0.08 2.8
3.017e-05 -0.08 2.8
3.018e-05 -0.08 2.84
3.019e-05 -0.12 2.92
3.02e-05 -0.12 2.92
3.021e-05 -0.12 2.96
3.022e-05 -0.08 3
3.023e-05 -0.12 3.04
3.024e-05 -0.12 3.08
3.025e-05 -0.12 3.12
3.026e-05 -0.12 3.12
3.027e-05 -0.12 3.2
3.028e-05 -0.12 3.2
3.029e-05 -0.12 3.24
3.03e-05 -0.08 3.28
3.031e-05 -0.08 3.28
3.032e-05 -0.12 3.32
3.033e-05 -0.12 3.36
3.034e-05 -0.08 3.4
3.035e-05 -0.12 3.44
3.036e-05 -0.08 3.44
3.037e-05 -0.12 3.48
3.038e-05 -0.12 3.48
3.039e-05 -0.08 3.52
3.04e-05 -0.12 3.56
3.041e-05 -0.08 3.56
3.042e-05 -0.12 3.56
3.043e-05 -0.08 3.6
3.044e-05 -0.08 3.64
3.045e-05 -0.12 3.68
3.046e-05 -0.08 3.72
3.047e-05 -0.12 3.76
3.048e-05 -0.08 3.76
3.049e-05 -0.08 3.76
3.05e-05 -0.08 3.8
3.051e-05 -0.12 3.8
3.052e-05 -0.12 3.84
3.053e-05 -0.08 3.84
3.054e-05 -0.08 3.84
3.055e-05 -0.12 3.88
3.056e-05 -0.12 3.92
3.057e-05 -0.08 3.92
3.058e-05 -0.12 3.92
3.059e-05 -0.08 3.96
3.06e-05 -0.08 4
3.061e-05 -0.12 4
3.062e-05 -0.08 4.04
3.063e-05 -0.12 4.04
3.064e-05 -0.12 4.08
3.065e-05 -0.12 4.08
3.066e-05 -0.08 4.08
3.067e-05 -0.12 4.08
3.068e-05 -0.08 4.12
3.069e-05 -0.12 4.16
3.07e-05 -0.12 4.16
3.071e-05 -0.08 4.16
3.072e-05 -0.12 4.16
3.073e-05 -0.08 4.2
3.074e-05 -0.12 4.2
3.075e-05 -0.08 4.2
3.076e-05 -0.12 4.24
3.077e-05 -0.12 4.24
3.078e-05 -0.12 4.24
3.079e-05 -0.12 4.28
3.08e-05 -0.08 4.32
3.081e-05 -0.12 4.32
3.082e-05 -0.08 4.32
3.083e-05 -0.08 4.36
3.084e-05 -0.12 4.36
3.085e-05 -0.12 4.32
3.086e-05 -0.08 4.36
3.087e-05 -0.08 4.4
3.088e-05 -0.08 4.36
3.089e-05 -0.08 4.4
3.09e-05 -0.08 4.4
3.091e-05 -0.08 4.44
3.092e-05 -0.12 4.44
3.093e-05 -0.12 4.4
3.094e-05 -0.12 4.44
3.095e-05 -0.08 4.48
3.096e-05 -0.08 4.48
3.097e-05 -0.08 4.48
3.098e-05 -0.12 4.48
3.099e-05 -0.12 4.52
3.1e-05 -0.08 4.52
3.101e-05 -0.08 4.52
3.102e-05 -0.08 4.52
3.103e-05 -0.08 4.56
3.104e-05 -0.12 4.56
3.105e-05 -0.08 4.56
3.106e-05 -0.08 4.56
3.107e-05 -0.08 4.6
3.108e-05 -0.12 4.56
3.109e-05 -0.08 4.56
3.11e-05 -0.12 4.6
3.111e-05 -0.12 4.6
3.112e-05 -0.12 4.6
3.113e-05 -0.12 4.6
3.114e-05 -0.12 4.64
3.115e-05 -0.12 4.64
3.116e-05 -0.12 4.64
3.117e-05 -0.08 4.68
3.118e-05 -0.12 4.68
3.119e-05 -0.12 4.68
3.12e-05 -0.12 4.68
3.121e-05 -0.08 4.68
3.122e-05 -0.12 4.68
3.123e-05 -0.08 4.68
3.124e-05 -0.08 4.68
3.125e-05 -0.08 4.72
3.126e-05 -0.12 4.68
3.127e-05 -0.12 4.72
3.128e-05 -0.08 4.72
3.129e-05 -0.12 4.72
3.13e-05 -0.12 4.72
3.131e-05 -0.12 4.76
3.132e-05 -0.12 4.72
3.133e-05 -0.12 4.76
3.134e-05 -0.08 4.76
3.135e-05 -0.08 4.72
3.136e-05 -0.12 4.76
3.137e-05 -0.08 4.8
3.138e-05 -0.08 4.76
3.139e-05 -0.08 4.76
3.14e-05 -0.08 4.8
3.141e-05 -0.12 4.8
3.142e-05 -0.08 4.76
3.143e-05 -0.12 4.76
3.144e-05 -0.12 4.8
3.145e-05 -0.12 4.8
3.146e-05 -0.08 4.8
3.147e-05 -0.08 4.84
3.148e-05 -0.12 4.84
3.149e-05 -0.08 4.84
3.15e-05 -0.08 4.84
3.151e-05 -0.12 4.88
3.152e-05 -0.08 4.84
3.153e-05 -0.08 4.84
3.154e-05 -0.08 4.84
3.155e-05 -0.12 4.84
3.156e-05 -0.08 4.84
3.157e-05 -0.12 4.84
3.158e-05 -0.08 4.84
3.159e-05 -0.08 4.84
3.16e-05 -0.12 4.84
3.161e-05 -0.12 4.84
3.162e-05 -0.12 4.88
3.163e-05 -0.12 4.88
3.164e-05 -0.08 4.88
3.165e-05 -0.08 4.88
3.166e-05 -0.08 4.88
3.167e-05 -0.12 4.88
3.168e-05 -0.08 4.88
3.169e-05 -0.08 4.88
3.17e-05 -0.08 4.88
3.171e-05 -0.12 4.92
3.172e-05 -0.12 4.88
3.173e-05 -0.12 4.92
3.174e-05 -0.12 4.88
3.175e-05 -0.12 4.88
3.176e-05 -0.08 4.88
3.177e-05 -0.12 4.88
3.178e-05 -0.08 4.88
3.179e-05 -0.12 4.92
3.18e-05 -0.12 4.92
3.181e-05 -0.12 4.92
3.182e-05 -0.08 4.96
3.183e-05 -0.08 4.96
3.184e-05 -0.12 4.96
3.185e-05 -0.12 4.96
3.186e-05 -0.12 4.96
3.187e-05 -0.08 4.96
3.188e-05 -0.12 4.96
3.189e-05 -0.12 4.96
3.19e-05 -0.08 4.96
3.191e-05 -0.12 4.96
3.192e-05 -0.12 4.92
3.193e-05 -0.12 4.96
3.194e-05 -0.08 4.96
3.195e-05 -0.12 4.92
3.196e-05 -0.08 5
3.197e-05 -0.08 5
3.198e-05 -0.08 5
3.199e-05 -0.08 5
3.2e-05 -0.08 4.96
3.201e-05 -0.08 5
3.202e-05 -0.12 5
3.203e-05 -0.12 5
3.204e-05 -0.08 5
3.205e-05 -0.08 4.96
3.206e-05 -0.12 5
3.207e-05 -0.12 5
3.208e-05 -0.08 5
3.209e-05 -0.12 5
3.21e-05 -0.08 4.96
3.211e-05 -0.12 4.96
3.212e-05 -0.08 5
3.213e-05 -0.12 5
3.214e-05 -0.12 4.96
3.215e-05 -0.12 5
3.216e-05 -0.12 5.04
3.217e-05 -0.12 5
3.218e-05 -0.12 5.04
3.219e-05 -0.08 5.04
3.22e-05 -0.08 5.04
3.221e-05 -0.08 5.04
3.222e-05 -0.12 5
3.223e-05 -0.08 5.04
3.224e-05 -0.12 5
3.225e-05 -0.08 5
3.226e-05 -0.12 5
3.227e-05 -0.08 5
3.228e-05 -0.12 5.04
3.229e-05 -0.08 5
3.23e-05 -0.08 5
3.231e-05 -0.08 5.04
3.232e-05 -0.08 5
3.233e-05 -0.12 5.04
3.234e-05 -0.08 5
3.235e-05 -0.08 5.04
3.236e-05 -0.08 5.04
3.237e-05 -0.08 5.04
3.238e-05 -0.08 5.04
3.239e-05 -0.08 5.04
3.24e-05 -0.08 5
3.241e-05 -0.08 5.04
3.242e-05 -0.12 5
3.243e-05 -0.08 5.04
3.244e-05 -0.12 5.04
3.245e-05 -0.12 5.04
3.246e-05 -0.08 5.04
3.247e-05 -0.08 5.04
3.248e-05 -0.08 5.04
3.249e-05 -0.12 5.04
3.25e-05 -0.12 5.04
3.251e-05 -0.12 5.04
3.252e-05 -0.08 5.04
3.253e-05 -0.12 5.04
3.254e-05 -0.12 5.04
3.255e-05 -0.12 5.04
3.256e-05 -0.12 5.04
3.257e-05 -0.08 5.04
3.258e-05 -0.12 5.04
3.259e-05 -0.08 5.04
3.26e-05 -0.08 5.04
3.261e-05 -0.12 5.04
3.262e-05 -0.12 5.04
3.263e-05 -0.12 5.04
3.264e-05 -0.08 5.04
3.265e-05 -0.08 5.04
3.266e-05 -0.08 5.04
3.267e-05 -0.12 5.04
3.268e-05 -0.12 5.04
3.269e-05 -0.12 5.08
3.27e-05 -0.08 5.04
3.271e-05 -0.12 5.04
3.272e-05 -0.12 5.04
3.273e-05 -0.12 5.04
3.274e-05 -0.12 5.04
3.275e-05 -0.08 5.04
3.276e-05 -0.08 5.08
3.277e-05 -0.08 5.04
3.278e-05 -0.08 5.04
3.279e-05 -0.08 5.04
3.28e-05 -0.12 5.04
3.281e-05 -0.08 5.04
3.282e-05 -0.08 5.04
3.283e-05 -0.08 5.08
3.284e-05 -0.12 5.08
3.285e-05 -0.12 5.04
3.286e-05 -0.12 5.04
3.287e-05 -0.08 5.08
3.288e-05 -0.12 5.08
3.289e-05 -0.12 5.08
3.29e-05 -0.08 5.04
3.291e-05 -0.08 5.08
3.292e-05 -0.08 5
3.293e-05 -0.08 5.08
3.294e-05 -0.08 5.04
3.295e-05 -0.12 5.04
3.296e-05 -0.08 5.08
3.297e-05 -0.12 5.04
3.298e-05 -0.12 5.04
3.299e-05 -0.12 5.08
3.3e-05 -0.08 5.08
3.301e-05 -0.12 5.08
3.302e-05 -0.08 5.08
3.303e-05 -0.12 5.08
3.304e-05 -0.08 5.12
3.305e-05 -0.12 5.08
3.306e-05 -0.12 5.04
3.307e-05 -0.12 5.08
3.308e-05 -0.08 5.04
3.309e-05 -0.12 5.08
3.31e-05 -0.08 5.04
3.311e-05 -0.12 5.08
3.312e-05 -0.08 5.08
3.313e-05 -0.12 5.04
3.314e-05 -0.08 5.08
3.315e-05 -0.12 5.04
3.316e-05 -0.12 5.04
3.317e-05 -0.12 5.08
3.318e-05 -0.08 5.08
3.319e-05 -0.12 5.04
3.32e-05 -0.08 5.08
3.321e-05 -0.08 5.12
3.322e-05 -0.12 5.08
3.323e-05 -0.08 5.04
3.324e-05 -0.08 5.08
3.325e-05 -0.12 5.08
3.326e-05 -0.12 5.04
3.327e-05 -0.12 5.04
3.328e-05 -0.08 5.08
3.329e-05 -0.12 5.08
3.33e-05 -0.12 5.04
3.331e-05 -0.12 5.08
3.332e-05 -0.08 5.08
3.333e-05 -0.08 5.04
3.334e-05 -0.08 5.08
3.335e-05 -0.08 5.12
3.336e-05 -0.12 5.08
3.337e-05 -0.08 5.12
3.338e-05 -0.08 5.08
3.339e-05 -0.12 5.08
3.34e-05 -0.08 5.12
3.341e-05 -0.12 5.08
3.342e-05 -0.08 5.08
3.343e-05 -0.08 5.08
3.344e-05 -0.12 5.12
3.345e-05 -0.08 5.08
3.346e-05 -0.08 5.04
3.347e-05 -0.12 5.08
3.348e-05 -0.12 5.08
3.349e-05 -0.08 5.08
3.35e-05 -0.12 5.08
3.351e-05 -0.12 5.12
3.352e-05 -0.08 5.12
3.353e-05 -0.08 5.08
3.354e-05 -0.12 5.08
3.355e-05 -0.08 5.12
3.356e-05 -0.08 5.08
3.357e-05 -0.12 5.08
3.358e-05 -0.12 5.08
3.359e-05 -0.12 5.08
3.36e-05 -0.12 5.08
3.361e-05 -0.12 5.08
3.362e-05 -0.08 5.08
3.363e-05 -0.12 5.08
3.364e-05 -0.12 5.08
3.365e-05 -0.12 5.08
3.366e-05 -0.08 5.08
3.367e-05 -0.12 5.08
3.368e-05 -0.08 5.04
3.369e-05 -0.12 5.08
3.37e-05 -0.08 5.08
3.371e-05 -0.08 5.08
3.372e-05 -0.08 5.12
3.373e-05 -0.08 5.08
3.374e-05 -0.08 5.08
3.375e-05 -0.12 5.12
3.376e-05 -0.08 5.12
3.377e-05 -0.12 5.08
3.378e-05 -0.08 5.08
3.379e-05 -0.08 5.12
3.38e-05 -0.12 5.08
3.381e-05 -0.08 5.08
3.382e-05 -0.12 5.08
3.383e-05 -0.12 5.08
3.384e-05 -0.12 5.08
3.385e-05 -0.12 5.08
3.386e-05 -0.08 5.12
3.387e-05 -0.08 5.08
3.388e-05 -0.08 5.08
3.389e-05 -0.12 5.08
3.39e-05 -0.08 5.12
3.391e-05 -0.12 5.08
3.392e-05 -0.08 5.08
3.393e-05 -0.12 5.08
3.394e-05 -0.08 5.08
3.395e-05 -0.12 5.08
3.396e-05 -0.12 5.08
3.397e-05 -0.12 5.08
3.398e-05 -0.12 5.08
3.399e-05 -0.12 5.08
3.4e-05 -0.08 5.08
3.401e-05 -0.12 5.08
3.402e-05 -0.12 5.08
3.403e-05 -0.12 5.08
3.404e-05 -0.12 5.12
3.405e-05 -0.08 5.12
3.406e-05 -0.08 5.12
3.407e-05 -0.12 5.08
3.408e-05 -0.08 5.12
3.409e-05 -0.12 5.08
3.41e-05 -0.08 5.08
3.411e-05 -0.08 5.08
3.412e-05 -0.12 5.12
3.413e-05 -0.08 5.08
3.414e-05 -0.12 5.08
3.415e-05 -0.08 5.08
3.416e-05 -0.12 5.12
3.417e-05 -0.12 5.08
3.418e-05 -0.08 5.08
3.419e-05 -0.12 5.08
3.42e-05 -0.12 5.12
3.421e-05 -0.08 5.12
3.422e-05 -0.08 5.08
3.423e-05 -0.12 5.12
3.424e-05 -0.08 5.08
3.425e-05 -0.08 5.12
3.426e-05 -0.12 5.08
3.427e-05 -0.08 5.12
3.428e-05 -0.12 5.08
3.429e-05 -0.08 5.08
3.43e-05 -0.08 5.08
3.431e-05 -0.08 5.08
3.432e-05 -0.08 5.08
3.433e-05 -0.12 5.08
3.434e-05 -0.08 5.12
3.435e-05 -0.12 5.08
3.436e-05 -0.12 5.08
3.437e-05 -0.12 5.08
3.438e-05 -0.12 5.12
3.439e-05 -0.08 5.08
3.44e-05 -0.12 5.12
3.441e-05 -0.08 5.08
3.442e-05 -0.12 5.12
3.443e-05 -0.08 5.12
3.444e-05 -0.12 5.08
3.445e-05 -0.12 5.12
3.446e-05 -0.12 5.08
3.447e-05 -0.08 5.08
3.448e-05 -0.12 5.08
3.449e-05 -0.12 5.12
3.45e-05 -0.12 5.08
3.451e-05 -0.12 5.04
3.452e-05 -0.08 5.08
3.453e-05 -0.12 5.12
3.454e-05 -0.12 5.08
3.455e-05 -0.08 5.08
3.456e-05 -0.12 5.08
3.457e-05 -0.12 5.08
3.458e-05 -0.08 5.12
3.459e-05 -0.08 5.12
3.46e-05 -0.08 5.08
3.461e-05 -0.12 5.12
3.462e-05 -0.08 5.12
3.463e-05 -0.12 5.12
3.464e-05 -0.12 5.08
3.465e-05 -0.08 5.12
3.466e-05 -0.08 5.08
3.467e-05 -0.08 5.04
3.468e-05 -0.08 5.12
3.469e-05 -0.12 5.12
3.47e-05 -0.12 5.12
3.471e-05 -0.08 5.12
3.472e-05 -0.08 5.12
3.473e-05 -0.08 5.08
3.474e-05 -0.12 5.08
3.475e-05 -0.08 5.08
3.476e-05 -0.12 5.12
3.477e-05 -0.12 5
3.478e-05 -0.08 4.72
3.479e-05 -0.08 4.4
3.48e-05 -0.08 4.08
3.481e-05 -0.08 3.72
3.482e-05 -0.12 3.28
3.483e-05 -0.12 2.88
3.484e-05 -0.08 2.56
3.485e-05 -0.12 2.2
3.486e-05 -0.12 1.84
3.487e-05 -0.12 1.6
3.488e-05 -0.12 1.28
3.489e-05 -0.12 0.96
3.49e-05 -0.12 0.72
3.491e-05 -0.12 0.52
3.492e-05 -0.12 0.36
3.493e-05 -0.12 0.28
3.494e-05 -0.08 0.28
3.495e-05 -0.12 0.28
3.496e-05 -0.08 0.32
3.497e-05 -0.08 0.32
3.498e-05 -0.12 0.32
3.499e-05 -0.08 0.32
3.5e-05 -0.08 0.32
3.501e-05 -0.08 0.32
3.502e-05 -0.08 0.32
3.503e-05 -0.12 0.32
3.504e-05 -0.08 0.28
3.505e-05 -0.08 0.32
3.506e-05 -0.08 0.32
3.507e-05 -0.08 0.32
3.508e-05 -0.12 0.32
3.509e-05 -0.08 0.28
3.51e-05 -0.12 0.32
3.511e-05 -0.12 0.32
3.512e-05 -0.08 0.28
3.513e-05 -0.12 0.28
3.514e-05 -0.08 0.28
3.515e-05 -0.12 0.28
3.516e-05 -0.08 0.28
3.517e-05 0 0.28
3.518e-05 0.12 0.32
3.519e-05 0.2 0.28
3.52e-05 0.28 0.24
3.521e-05 0.32 0.32
3.522e-05 0.44 0.28
3.523e-05 0.52 0.32
3.524e-05 0.56 0.32
3.525e-05 0.64 0.32
3.526e-05 0.72 0.32
3.527e-05 0.8 0.28
3.528e-05 0.88 0.32
3.529e-05 0.96 0.28
3.53e-05 1.04 0.32
3.531e-05 1.08 0.28
3.532e-05 1.16 0.28
3.533e-05 1.24 0.32
3.534e-05 1.28 0.28
3.535e-05 1.32 0.28
3.536e-05 1.4 0.28
3.537e-05 1.44 0.28
3.538e-05 1.52 0.28
3.539e-05 1.56 0.28
3.54e-05 1.64 0.28
3.541e-05 1.68 0.32
3.542e-05 1.72 0.32
3.543e-05 1.8 0.28
3.544e-05 1.84 0.32
3.545e-05 1.88 0.28
3.546e-05 1.92 0.28
3.547e-05 2 0.28
3.548e-05 2.04 0.28
3.549e-05 2.08 0.28
3.55e-05 2.12 0.24
3.551e-05 2.2 0.28
3.552e-05 2.2 0.32
3.553e-05 2.28 0.28
3.554e-05 2.36 0.24
3.555e-05 2.36 0.28
3.556e-05 2.4 0.32
3.557e-05 2.44 0.28
3.558e-05 2.48 0.28
3.559e-05 2.52 0.28
3.56e-05 2.56 0.28
3.561e-05 2.56 0.32
3.562e-05 2.6 0.28
3.563e-05 2.68 0.32
3.564e-05 2.72 0.28
3.565e-05 2.72 0.24
3.566e-05 2.76 0.28
3.567e-05 2.8 0.24
3.568e-05 2.84 0.24
3.569e-05 2.84 0.28
3.57e-05 2.92 0.28
3.571e-05 2.92 0.28
3.572e-05 3 0.28
3.573e-05 3 0.28
3.574e-05 3.04 0.28
3.575e-05 3.04 0.28
3.576e-05 3.12 0.28
3.577e-05 3.16 0.28
3.578e-05 3.16 0.28
3.579e-05 3.2 0.28
3.58e-05 3.2 0.28
3.581e-05 3.24 0.28
3.582e-05 3.28 0.28
3.583e-05 3.32 0.28
3.584e-05 3.32 0.28
3.585e-05 3.36 0.24
3.586e-05 3.36 0.28
3.587e-05 3.4 0.24
3.588e-05 3.4 0.28
3.589e-05 3.44 0.32
3.59e-05 3.48 0.28
3.591e-05 3.48 0.28
3.592e-05 3.52 0.32
3.593e-05 3.52 0.32
3.594e-05 3.52 0.28
3.595e-05 3.6 0.28
3.596e-05 3.6 0.28
3.597e-05 3.64 0.28
3.598e-05 3.64 0.28
3.599e-05 3.64 0.28
3.6e-05 3.68 0.28
3.601e-05 3.68 0.24
3.602e-05 3.72 0.28
3.603e-05 3.72 0.24
3.604e-05 3.76 0.24
3.605e-05 3.76 0.28
3.606e-05 3.76 0.28
3.607e-05 3.8 0.28
3.608e-05 3.8 0.28
3.609e-05 3.84 0.28
3.61e-05 3.84 0.28
3.611e-05 3.88 0.28
3.612e-05 3.88 0.32
3.613e-05 3.88 0.24
3.614e-05 3.92 0.28
3.615e-05 3.88 0.28
3.616e-05 3.92 0.28
3.617e-05 3.96 0.28
3.618e-05 3.96 0.24
3.619e-05 3.96 0.24
3.62e-05 4 0.28
3.621e-05 3.96 0.24
3.622e-05 4 0.24
3.623e-05 4 0.24
3.624e-05 4.04 0.28
3.625e-05 4.08 0.24
3.626e-05 4.08 0.28
3.627e-05 4.08 0.32
3.628e-05 4.12 0.28
3.629e-05 4.12 0.28
3.63e-05 4.12 0.28
3.631e-05 4.12 0.28
3.632e-05 4.12 0.24
3.633e-05 4.16 0.24
3.634e-05 4.16 0.28
3.635e-05 4.16 0.24
3.636e-05 4.16 0.28
3.637e-05 4.16 0.24
3.638e-05 4.2 0.28
3.639e-05 4.2 0.24
3.64e-05 4.2 0.24
3.641e-05 4.2 0.24
3.642e-05 4.24 0.28
3.643e-05 4.2 0.24
3.644e-05 4.28 0.28
3.645e-05 4.28 0.28
3.646e-05 4.28 0.32
3.647e-05 4.28 0.28
3.648e-05 4.28 0.28
3.649e-05 4.28 0.28
3.65e-05 4.28 0.28
3.651e-05 4.32 0.28
3.652e-05 4.32 0.24
3.653e-05 4.32 0.24
3.654e-05 4.32 0.28
3.655e-05 4.36 0.24
3.656e-05 4.36 0.28
3.657e-05 4.36 0.28
3.658e-05 4.36 0.28
3.659e-05 4.36 0.28
3.66e-05 4.36 0.28
3.661e-05 4.4 0.28
3.662e-05 4.4 0.28
3.663e-05 4.4 0.28
3.664e-05 4.4 0.28
3.665e-05 4.4 0.28
3.666e-05 4.44 0.24
3.667e-05 4.4 0.28
3.668e-05 4.44 0.28
3.669e-05 4.44 0.24
3.67e-05 4.44 0.24
3.671e-05 4.44 0.24
3.672e-05 4.44 0.24
3.673e-05 4.48 0.24
3.674e-05 4.44 0.24
3.675e-05 4.48 0.28
3.676e-05 4.48 0.28
3.677e-05 4.48 0.28
3.678e-05 4.48 0.28
3.679e-05 4.48 0.24
3.68e-05 4.48 0.32
3.681e-05 4.48 0.28
3.682e-05 4.48 0.24
3.683e-05 4.52 0.24
3.684e-05 4.52 0.24
3.685e-05 4.52 0.24
3.686e-05 4.48 0.24
3.687e-05 4.52 0.24
3.688e-05 4.52 0.28
3.689e-05 4.52 0.24
3.69e-05 4.52 0.24
3.691e-05 4.56 0.28
3.692e-05 4.56 0.28
3.693e-05 4.52 0.24
3.694e-05 4.56 0.28
3.695e-05 4.56 0.28
3.696e-05 4.56 0.24
3.697e-05 4.56 0.24
3.698e-05 4.56 0.24
3.699e-05 4.56 0.28
3.7e-05 4.6 0.24
3.701e-05 4.56 0.24
3.702e-05 4.6 0.24
3.703e-05 4.56 0.24
3.704e-05 4.6 0.24
3.705e-05 4.6 0.28
3.706e-05 4.6 0.28
3.707e-05 4.6 0.28
3.708e-05 4.6 0.24
3.709e-05 4.6 0.28
3.71e-05 4.6 0.28
3.711e-05 4.6 0.24
3.712e-05 4.6 0.28
3.713e-05 4.6 0.24
3.714e-05 4.6 0.24
3.715e-05 4.6 0.24
3.716e-05 4.64 0.24
3.717e-05 4.64 0.24
3.718e-05 4.6 0.24
3.719e-05 4.6 0.24
3.72e-05 4.6 0.24
3.721e-05 4.64 0.24
3.722e-05 4.64 0.24
3.723e-05 4.64 0.24
3.724e-05 4.64 0.24
3.725e-05 4.64 0.28
3.726e-05 4.64 0.24
3.727e-05 4.68 0.24
3.728e-05 4.64 0.24
3.729e-05 4.64 0.24
3.73e-05 4.64 0.28
3.731e-05 4.64 0.24
3.732e-05 4.68 0.28
3.733e-05 4.68 0.28
3.734e-05 4.68 0.24
3.735e-05 4.64 0.24
3.736e-05 4.64 0.24
3.737e-05 4.64 0.24
3.738e-05 4.68 0.24
3.739e-05 4.68 0.28
3.74e-05 4.68 0.28
3.741e-05 4.68 0.24
3.742e-05 4.68 0.24
3.743e-05 4.68 0.24
3.744e-05 4.68 0.24
3.745e-05 4.68 0.28
3.746e-05 4.68 0.28
3.747e-05 4.68 0.24
3.748e-05 4.68 0.28
3.749e-05 4.64 0.28
3.75e-05 4.68 0.24
3.751e-05 4.68 0.24
3.752e-05 4.68 0.24
3.753e-05 4.68 0.24
3.754e-05 4.72 0.24
3.755e-05 4.68 0.24
3.756e-05 4.68 0.24
3.757e-05 4.68 0.24
3.758e-05 4.68 0.24
3.759e-05 4.68 0.24
3.76e-05 4.68 0.24
3.761e-05 4.72 0.24
3.762e-05 4.68 0.28
3.763e-05 4.72 0.28
3.764e-05 4.72 0.28
3.765e-05 4.72 0.28
3.766e-05 4.72 0.24
3.767e-05 4.72 0.28
3.768e-05 4.72 0.24
3.769e-05 4.68 0.24
3.77e-05 4.68 0.24
3.771e-05 4.72 0.24
3.772e-05 4.72 0.28
3.773e-05 4.72 0.24
3.774e-05 4.72 0.24
3.775e-05 4.72 0.24
3.776e-05 4.72 0.24
3.777e-05 4.72 0.24
3.778e-05 4.72 0.28
3.779e-05 4.72 0.28
3.78e-05 4.72 0.24
3.781e-05 4.76 0.28
3.782e-05 4.72 0.24
3.783e-05 4.72 0.28
3.784e-05 4.72 0.24
3.785e-05 4.72 0.28
3.786e-05 4.72 0.24
3.787e-05 4.72 0.24
3.788e-05 4.72 0.24
3.789e-05 4.76 0.24
3.79e-05 4.72 0.24
3.791e-05 4.72 0.24
3.792e-05 4.72 0.24
3.793e-05 4.72 0.28
3.794e-05 4.76 0.24
3.795e-05 4.76 0.24
3.796e-05 4.72 0.24
3.797e-05 4.76 0.24
3.798e-05 4.76 0.28
3.799e-05 4.72 0.28
3.8e-05 4.72 0.28
3.801e-05 4.72 0.28
3.802e-05 4.76 0.24
3.803e-05 4.72 0.24
3.804e-05 4.76 0.24
3.805e-05 4.76 0.24
3.806e-05 4.76 0.24
3.807e-05 4.76 0.24
3.808e-05 4.76 0.24
3.809e-05 4.72 0.24
3.81e-05 4.76 0.24
3.811e-05 4.76 0.24
3.812e-05 4.76 0.24
3.813e-05 4.76 0.24
3.814e-05 4.76 0.24
3.815e-05 4.76 0.24
3.816e-05 4.76 0.28
3.817e-05 4.76 0.28
3.818e-05 4.76 0.28
3.819e-05 4.76 0.28
3.82e-05 4.76 0.28
3.821e-05 4.76 0.24
3.822e-05 4.76 0.24
3.823e-05 4.76 0.24
3.824e-05 4.76 0.28
3.825e-05 4.76 0.24
3.826e-05 4.76 0.24
3.827e-05 4.76 0.28
3.828e-05 4.76 0.24
3.829e-05 4.76 0.24
3.83e-05 4.76 0.28
3.831e-05 4.76 0.28
3.832e-05 4.76 0.28
3.833e-05 4.76 0.24
3.834e-05 4.76 0.28
3.835e-05 4.76 0.28
3.836e-05 4.76 0.24
3.837e-05 4.76 0.24
3.838e-05 4.76 0.28
3.839e-05 4.76 0.2
3.84e-05 4.76 0.24
3.841e-05 4.76 0.24
3.842e-05 4.76 0.24
3.843e-05 4.76 0.24
3.844e-05 4.76 0.24
3.845e-05 4.76 0.28
3.846e-05 4.76 0.28
3.847e-05 4.76 0.24
3.848e-05 4.76 0.24
3.849e-05 4.76 0.24
3.85e-05 4.76 0.24
3.851e-05 4.76 0.24
3.852e-05 4.76 0.24
3.853e-05 4.8 0.28
3.854e-05 4.76 0.24
3.855e-05 4.8 0.24
3.856e-05 4.76 0.24
3.857e-05 4.76 0.24
3.858e-05 4.76 0.28
3.859e-05 4.76 0.24
3.86e-05 4.76 0.24
3.861e-05 4.76 0.28
3.862e-05 4.76 0.24
3.863e-05 4.76 0.24
3.864e-05 4.76 0.24
3.865e-05 4.76 0.24
3.866e-05 4.76 0.28
3.867e-05 4.76 0.24
3.868e-05 4.8 0.32
3.869e-05 4.76 0.28
3.87e-05 4.76 0.24
3.871e-05 4.76 0.24
3.872e-05 4.76 0.24
3.873e-05 4.8 0.24
3.874e-05 4.76 0.24
3.875e-05 4.76 0.24
3.876e-05 4.76 0.24
3.877e-05 4.76 0.24
3.878e-05 4.76 0.24
3.879e-05 4.76 0.28
3.88e-05 4.8 0.24
3.881e-05 4.8 0.24
3.882e-05 4.76 0.28
3.883e-05 4.76 0.24
3.884e-05 4.76 0.28
3.885e-05 4.76 0.24
3.886e-05 4.76 0.24
3.887e-05 4.8 0.24
3.888e-05 4.76 0.24
3.889e-05 4.8 0.24
3.89e-05 4.8 0.24
3.891e-05 4.8 0.24
3.892e-05 4.8 0.24
3.893e-05 4.8 0.24
3.894e-05 4.76 0.24
3.895e-05 4.8 0.24
3.896e-05 4.76 0.24
3.897e-05 4.76 0.24
3.898e-05 4.76 0.24
3.899e-05 4.8 0.24
3.9e-05 4.8 0.24
3.901e-05 4.8 0.24
3.902e-05 4.76 0.24
3.903e-05 4.76 0.24
3.904e-05 4.8 0.24
3.905e-05 4.76 0.24
3.906e-05 4.76 0.24
3.907e-05 4.76 0.24
3.908e-05 4.8 0.24
3.909e-05 4.76 0.24
3.91e-05 4.76 0.24
3.911e-05 4.76 0.24
3.912e-05 4.76 0.24
3.913e-05 4.8 0.24
3.914e-05 4.8 0.28
3.915e-05 4.76 0.24
3.916e-05 4.8 0.28
3.917e-05 4.8 0.24
3.918e-05 4.8 0.24
3.919e-05 4.8 0.24
3.92e-05 4.76 0.24
3.921e-05 4.8 0.24
3.922e-05 4.76 0.28
3.923e-05 4.8 0.24
3.924e-05 4.8 0.24
3.925e-05 4.8 0.24
3.926e-05 4.8 0.24
3.927e-05 4.76 0.24
3.928e-05 4.8 0.24
3.929e-05 4.76 0.28
3.93e-05 4.76 0.24
3.931e-05 4.76 0.24
3.932e-05 4.76 0.24
3.933e-05 4.76 0.24
3.934e-05 4.8 0.24
3.935e-05 4.8 0.24
3.936e-05 4.8 0.28
3.937e-05 4.8 0.28
3.938e-05 4.8 0.24
3.939e-05 4.8 0.24
3.94e-05 4.8 0.24
3.941e-05 4.8 0.24
3.942e-05 4.8 0.24
3.943e-05 4.8 0.24
3.944e-05 4.84 0.24
3.945e-05 4.8 0.24
3.946e-05 4.76 0.24
3.947e-05 4.8 0.24
3.948e-05 4.8 0.24
3.949e-05 4.8 0.28
3.95e-05 4.8 0.24
3.951e-05 4.8 0.24
3.952e-05 4.8 0.28
3.953e-05 4.8 0.28
3.954e-05 4.8 0.24
3.955e-05 4.8 0.28
3.956e-05 4.76 0.28
3.957e-05 4.8 0.24
3.958e-05 4.8 0.24
3.959e-05 4.8 0.24
3.96e-05 4.76 0.24
3.961e-05 4.8 0.24
3.962e-05 4.8 0.24
3.963e-05 4.8 0.24
3.964e-05 4.8 0.24
3.965e-05 4.8 0.24
3.966e-05 4.8 0.24
3.967e-05 4.8 0.28
3.968e-05 4.8 0.28
3.969e-05 4.76 0.24
3.97e-05 4.8 0.24
3.971e-05 4.76 0.24
3.972e-05 4.8 0.24
3.973e-05 4.8 0.24
3.974e-05 4.76 0.24
3.975e-05 4.8 0.24
3.976e-05 4.8 0.24
3.977e-05 4.8 0.24
3.978e-05 4.76 0.24
3.979e-05 4.8 0.24
3.98e-05 4.8 0.24
3.981e-05 4.8 0.24
3.982e-05 4.76 0.24
3.983e-05 4.8 0.24
3.984e-05 4.8 0.24
3.985e-05 4.8 0.24
3.986e-05 4.84 0.24
3.987e-05 4.8 0.28
3.988e-05 4.8 0.24
3.989e-05 4.76 0.28
3.99e-05 4.64 0.24
3.991e-05 4.52 0.24
3.992e-05 4.28 0.28
3.993e-05 4 0.24
3.994e-05 3.72 0.24
3.995e-05 3.36 0.2
3.996e-05 3.08 0.24
3.997e-05 2.72 0.24
3.998e-05 2.4 0.24
3.999e-05 2.08 0.24
