0 -0.12 0.24
2e-08 -0.12 0.24
4e-08 -0.08 0.24
6e-08 -0.08 0.24
8e-08 -0.12 0.24
1e-07 -0.08 0.24
1.2e-07 -0.12 0.24
1.4e-07 -0.12 0.2
1.6e-07 -0.12 0.24
1.8e-07 -0.12 0.24
2e-07 -0.12 0.24
2.2e-07 -0.12 0.24
2.4e-07 -0.12 0.24
2.6e-07 -0.12 0.24
2.8e-07 -0.08 0.24
3e-07 -0.12 0.2
3.2e-07 -0.12 0.2
3.4e-07 -0.12 0.24
3.6e-07 -0.08 0.24
3.8e-07 -0.12 0.24
4e-07 -0.08 0.24
4.2e-07 -0.12 0.24
4.4e-07 -0.08 0.2
4.6e-07 -0.08 0.24
4.8e-07 -0.08 0.24
5e-07 -0.08 0.24
5.2e-07 -0.08 0.24
5.4e-07 -0.08 0.24
5.6e-07 -0.16 0.24
5.8e-07 -0.08 0.24
6e-07 -0.08 0.24
6.2e-07 -0.08 0.24
6.4e-07 -0.08 0.2
6.6e-07 -0.08 0.2
6.8e-07 -0.08 0.24
7e-07 -0.12 0.24
7.2e-07 -0.12 0.24
7.4e-07 -0.12 0.24
7.6e-07 -0.08 0.24
7.8e-07 -0.12 0.24
8e-07 -0.12 0.24
8.2e-07 -0.12 0.2
8.4e-07 -0.08 0.24
8.6e-07 -0.12 0.24
8.8e-07 -0.12 0.24
9e-07 -0.12 0.24
9.2e-07 -0.12 0.24
9.4e-07 -0.12 0.24
9.6e-07 -0.12 0.24
9.8e-07 -0.08 0.24
1e-06 -0.12 0.2
1.02e-06 -0.08 0.24
1.04e-06 -0.08 0.24
1.06e-06 -0.08 0.24
1.08e-06 -0.12 0.24
1.1e-06 -0.12 0.24
1.12e-06 -0.12 0.24
1.14e-06 -0.08 0.24
1.16e-06 -0.12 0.24
1.18e-06 -0.12 0.2
1.2e-06 -0.12 0.24
1.22e-06 -0.12 0.24
1.24e-06 -0.08 0.24
1.26e-06 -0.08 0.24
1.28e-06 -0.08 0.24
1.3e-06 -0.12 0.2
1.32e-06 -0.08 0.2
1.34e-06 -0.12 0.24
1.36e-06 -0.12 0.24
1.38e-06 -0.08 0.24
1.4e-06 -0.08 0.24
1.42e-06 -0.08 0.24
1.44e-06 -0.08 0.24
1.46e-06 -0.12 0.24
1.48e-06 -0.12 0.24
1.5e-06 -0.08 0.2
1.52e-06 -0.12 0.24
1.54e-06 -0.12 0.24
1.56e-06 -0.08 0.24
1.58e-06 -0.08 0.24
1.6e-06 -0.08 0.24
1.62e-06 -0.12 0.24
1.64e-06 -0.12 0.24
1.66e-06 -0.08 0.2
1.68e-06 -0.08 0.2
1.7e-06 -0.12 0.24
1.72e-06 -0.08 0.24
1.74e-06 -0.08 0.24
1.76e-06 -0.12 0.24
1.78e-06 -0.08 0.24
1.8e-06 -0.08 0.24
1.82e-06 -0.12 0.2
1.84e-06 -0.08 0.24
1.86e-06 -0.08 0.2
1.88e-06 -0.08 0.24
1.9e-06 -0.12 0.2
1.92e-06 -0.12 0.24
1.94e-06 -0.08 0.24
1.96e-06 -0.12 0.24
1.98e-06 -0.08 0.24
2e-06 -0.12 0.24
2.02e-06 -0.08 0.24
2.04e-06 -0.08 0.24
2.06e-06 -0.08 0.2
2.08e-06 -0.12 0.24
2.1e-06 -0.08 0.24
2.12e-06 -0.12 0.24
2.14e-06 -0.08 0.24
2.16e-06 -0.08 0.24
2.18e-06 -0.08 0.24
2.2e-06 -0.08 0.2
2.22e-06 -0.08 0.24
2.24e-06 -0.08 0.24
2.26e-06 -0.08 0.24
2.28e-06 -0.08 0.24
2.3e-06 -0.12 0.24
2.32e-06 -0.08 0.2
2.34e-06 -0.12 0.2
2.36e-06 -0.08 0.2
2.38e-06 -0.08 0.24
2.4e-06 -0.08 0.24
2.42e-06 -0.08 0.28
2.44e-06 -0.12 0.24
2.46e-06 -0.08 0.24
2.48e-06 -0.08 0.24
2.5e-06 -0.08 0.2
2.52e-06 -0.12 0.2
2.54e-06 -0.08 0.2
2.56e-06 -0.08 0.24
2.58e-06 -0.08 0.24
2.6e-06 -0.08 0.24
2.62e-06 -0.12 0.24
2.64e-06 -0.12 0.24
2.66e-06 -0.08 0.24
2.68e-06 -0.08 0.24
2.7e-06 -0.08 0.2
2.72e-06 -0.08 0.24
2.74e-06 -0.12 0.2
2.76e-06 -0.12 0.24
2.78e-06 -0.08 0.24
2.8e-06 -0.08 0.24
2.82e-06 -0.08 0.24
2.84e-06 -0.08 0.24
2.86e-06 -0.08 0.24
2.88e-06 -0.08 0.24
2.9e-06 -0.12 0.24
2.92e-06 -0.08 0.24
2.94e-06 -0.08 0.24
2.96e-06 -0.08 0.24
2.98e-06 -0.08 0.24
3e-06 -0.08 0.2
3.02e-06 -0.08 0.24
3.04e-06 -0.08 0.24
3.06e-06 -0.08 0.24
3.08e-06 -0.08 0.24
3.1e-06 -0.08 0.24
3.12e-06 -0.12 0.24
3.14e-06 -0.08 0.24
3.16e-06 -0.08 0.24
3.18e-06 -0.08 0.24
3.2e-06 -0.12 0.24
3.22e-06 -0.12 0.2
3.24e-06 -0.08 0.24
3.26e-06 -0.12 0.2
3.28e-06 -0.12 0.24
3.3e-06 -0.12 0.24
3.32e-06 -0.08 0.24
3.34e-06 -0.08 0.2
3.36e-06 -0.08 0.24
3.38e-06 -0.12 0.24
3.4e-06 -0.12 0.24
3.42e-06 -0.08 0.24
3.44e-06 -0.12 0.2
3.46e-06 -0.12 0.24
3.48e-06 -0.08 0.24
3.5e-06 -0.12 0.24
3.52e-06 -0.12 0.2
3.54e-06 -0.08 0.2
3.56e-06 -0.12 0.2
3.58e-06 -0.12 0.24
3.6e-06 -0.12 0.24
3.62e-06 -0.12 0.2
3.64e-06 -0.12 0.24
3.66e-06 -0.08 0.24
3.68e-06 -0.12 0.2
3.7e-06 -0.08 0.24
3.72e-06 -0.08 0.24
3.74e-06 -0.12 0.24
3.76e-06 -0.08 0.24
3.78e-06 -0.08 0.24
3.8e-06 -0.12 0.24
3.82e-06 -0.08 0.24
3.84e-06 -0.08 0.24
3.86e-06 -0.08 0.24
3.88e-06 -0.12 0.24
3.9e-06 -0.08 0.2
3.92e-06 -0.12 0.24
3.94e-06 -0.08 0.24
3.96e-06 -0.12 0.24
3.98e-06 -0.08 0.24
4e-06 -0.08 0.28
4.02e-06 -0.08 0.24
4.04e-06 -0.12 0.24
4.06e-06 -0.12 0.24
4.08e-06 -0.08 0.24
4.1e-06 -0.12 0.24
4.12e-06 -0.12 0.24
4.14e-06 -0.08 0.24
4.16e-06 -0.08 0.24
4.18e-06 -0.12 0.24
4.2e-06 -0.12 0.2
4.22e-06 -0.12 0.2
4.24e-06 -0.16 0.2
4.26e-06 -0.08 0.24
4.28e-06 -0.08 0.2
4.3e-06 -0.12 0.24
4.32e-06 -0.08 0.24
4.34e-06 -0.08 0.24
4.36e-06 -0.08 0.32
4.38e-06 -0.12 0.56
4.4e-06 -0.12 0.64
4.42e-06 -0.08 0.8
4.44e-06 -0.12 1
4.46e-06 -0.08 1.12
4.48e-06 -0.08 1.28
4.5e-06 -0.08 1.4
4.52e-06 -0.12 1.52
4.54e-06 -0.08 1.6
4.56e-06 -0.12 1.76
4.58e-06 -0.12 1.84
4.6e-06 -0.12 1.96
4.62e-06 -0.08 2.08
4.64e-06 -0.08 2.16
4.66e-06 -0.12 2.24
4.68e-06 -0.12 2.36
4.7e-06 -0.12 2.44
4.72e-06 -0.12 2.48
4.74e-06 -0.12 2.6
4.76e-06 -0.12 2.72
4.78e-06 -0.08 2.76
4.8e-06 -0.08 2.8
4.82e-06 -0.08 2.96
4.84e-06 -0.12 3.04
4.86e-06 -0.08 3.08
4.88e-06 -0.08 3.12
4.9e-06 -0.12 3.2
4.92e-06 -0.08 3.24
4.94e-06 -0.08 3.32
4.96e-06 -0.12 3.32
4.98e-06 -0.12 3.44
5e-06 -0.12 3.48
5.02e-06 -0.12 3.56
5.04e-06 -0.12 3.6
5.06e-06 -0.08 3.6
5.08e-06 -0.12 3.68
5.1e-06 -0.12 3.72
5.12e-06 -0.12 3.76
5.14e-06 -0.12 3.8
5.16e-06 -0.12 3.88
5.18e-06 -0.12 3.92
5.2e-06 -0.08 3.92
5.22e-06 -0.12 3.96
5.24e-06 -0.12 4
5.26e-06 -0.08 4
5.28e-06 -0.16 4.08
5.3e-06 -0.12 4.08
5.32e-06 -0.12 4.16
5.34e-06 -0.12 4.16
5.36e-06 -0.08 4.2
5.38e-06 -0.08 4.2
5.4e-06 -0.12 4.2
5.42e-06 -0.12 4.28
5.44e-06 -0.16 4.32
5.46e-06 -0.12 4.36
5.48e-06 -0.08 4.36
5.5e-06 -0.12 4.4
5.52e-06 -0.12 4.4
5.54e-06 -0.08 4.4
5.56e-06 -0.12 4.44
5.58e-06 -0.12 4.48
5.6e-06 -0.08 4.44
5.62e-06 -0.12 4.52
5.64e-06 -0.12 4.52
5.66e-06 -0.12 4.52
5.68e-06 -0.12 4.52
5.7e-06 -0.08 4.56
5.72e-06 -0.12 4.6
5.74e-06 -0.12 4.6
5.76e-06 -0.08 4.6
5.78e-06 -0.08 4.6
5.8e-06 -0.08 4.64
5.82e-06 -0.12 4.64
5.84e-06 -0.08 4.64
5.86e-06 -0.08 4.68
5.88e-06 -0.08 4.72
5.9e-06 -0.08 4.72
5.92e-06 -0.12 4.72
5.94e-06 -0.12 4.72
5.96e-06 -0.08 4.72
5.98e-06 -0.12 4.72
6e-06 -0.12 4.76
6.02e-06 -0.12 4.76
6.04e-06 -0.12 4.8
6.06e-06 -0.12 4.76
6.08e-06 -0.12 4.76
6.1e-06 -0.12 4.8
6.12e-06 -0.12 4.8
6.14e-06 -0.08 4.84
6.16e-06 -0.12 4.8
6.18e-06 -0.12 4.84
6.2e-06 -0.12 4.88
6.22e-06 -0.12 4.88
6.24e-06 -0.12 4.84
6.26e-06 -0.12 4.84
6.28e-06 -0.12 4.84
6.3e-06 -0.08 4.88
6.32e-06 -0.12 4.88
6.34e-06 -0.12 4.88
6.36e-06 -0.08 4.88
6.38e-06 -0.12 4.88
6.4e-06 -0.12 4.88
6.42e-06 -0.12 4.88
6.44e-06 -0.12 4.88
6.46e-06 -0.12 4.88
6.48e-06 -0.12 4.92
6.5e-06 -0.08 4.92
6.52e-06 -0.08 4.96
6.54e-06 -0.12 4.96
6.56e-06 -0.16 4.92
6.58e-06 -0.12 4.92
6.6e-06 -0.12 4.96
6.62e-06 -0.12 4.92
6.64e-06 -0.12 4.96
6.66e-06 -0.12 4.92
6.68e-06 -0.12 4.96
6.7e-06 -0.08 4.96
6.72e-06 -0.12 4.96
6.74e-06 -0.12 4.96
6.76e-06 -0.12 4.96
6.78e-06 -0.12 5
6.8e-06 -0.12 5
6.82e-06 -0.12 5
6.84e-06 -0.08 5
6.86e-06 -0.12 5
6.88e-06 -0.08 5
6.9e-06 -0.08 5
6.92e-06 -0.12 5
6.94e-06 -0.12 5
6.96e-06 -0.12 5
6.98e-06 -0.12 5
7e-06 -0.12 5
7.02e-06 -0.12 5
7.04e-06 -0.12 5.04
7.06e-06 -0.08 5.04
7.08e-06 -0.08 5.04
7.1e-06 -0.12 5
7.12e-06 -0.12 5.04
7.14e-06 -0.08 5
7.16e-06 -0.12 5
7.18e-06 -0.12 5
7.2e-06 -0.12 5
7.22e-06 -0.12 5.04
7.24e-06 -0.12 5.04
7.26e-06 -0.12 5.04
7.28e-06 -0.12 5.04
7.3e-06 -0.08 5
7.32e-06 -0.08 5.04
7.34e-06 -0.12 5
7.36e-06 -0.12 5.04
7.38e-06 -0.12 5.04
7.4e-06 -0.12 5.04
7.42e-06 -0.12 5.04
7.44e-06 -0.08 5.04
7.46e-06 -0.12 5.04
7.48e-06 -0.08 5.04
7.5e-06 -0.12 5.04
7.52e-06 -0.08 5.04
7.54e-06 -0.12 5.04
7.56e-06 -0.12 5.08
7.58e-06 -0.12 5.04
7.6e-06 -0.12 5.04
7.62e-06 -0.12 5.04
7.64e-06 -0.08 5.04
7.66e-06 -0.12 5.04
7.68e-06 -0.12 5.04
7.7e-06 -0.12 5.04
7.72e-06 -0.12 5.04
7.74e-06 -0.12 5.04
7.76e-06 -0.12 5.04
7.78e-06 -0.12 5.04
7.8e-06 -0.08 5.04
7.82e-06 -0.12 5.04
7.84e-06 -0.12 5.04
7.86e-06 -0.12 5.04
7.88e-06 -0.12 5.04
7.9e-06 -0.12 5.04
7.92e-06 -0.12 5.04
7.94e-06 -0.12 5.08
7.96e-06 -0.08 5.04
7.98e-06 -0.12 5.04
8e-06 -0.12 5.08
8.02e-06 -0.12 5.04
8.04e-06 -0.12 5.08
8.06e-06 -0.12 5.04
8.08e-06 -0.12 5.08
8.1e-06 -0.12 5.04
8.12e-06 -0.08 5.04
8.14e-06 -0.12 5.04
8.16e-06 -0.12 5.04
8.18e-06 -0.12 5.04
8.2e-06 -0.08 5.04
8.22e-06 -0.12 5.04
8.24e-06 -0.12 5.08
8.26e-06 -0.12 5.08
8.28e-06 -0.12 5.08
8.3e-06 -0.08 5.04
8.32e-06 -0.12 5.04
8.34e-06 -0.08 5.08
8.36e-06 -0.12 5.04
8.38e-06 -0.12 5.04
8.4e-06 -0.12 5.04
8.42e-06 -0.12 5.08
8.44e-06 -0.12 5.08
8.46e-06 -0.12 5.04
8.48e-06 -0.08 5.04
8.5e-06 -0.12 5.04
8.52e-06 -0.12 5.08
8.54e-06 -0.12 5.08
8.56e-06 -0.12 5.08
8.58e-06 -0.08 5.08
8.6e-06 -0.16 5.12
8.62e-06 -0.12 5.08
8.64e-06 -0.12 5.04
8.66e-06 -0.12 5.04
8.68e-06 -0.12 5.08
8.7e-06 -0.08 5.04
8.72e-06 -0.12 5.08
8.74e-06 -0.08 5.08
8.76e-06 -0.12 5.04
8.78e-06 -0.12 5.08
8.8e-06 -0.08 5.08
8.82e-06 -0.12 5.08
8.84e-06 -0.16 5.08
8.86e-06 -0.12 5.04
8.88e-06 -0.12 5.04
8.9e-06 -0.08 5.08
8.92e-06 -0.12 5.08
8.94e-06 -0.12 5.12
8.96e-06 -0.12 5.04
8.98e-06 -0.12 5.08
9e-06 -0.12 5.08
9.02e-06 -0.08 5.04
9.04e-06 -0.12 5.04
9.06e-06 -0.08 5.04
9.08e-06 -0.12 5.08
9.1e-06 -0.12 5.08
9.12e-06 -0.12 5.12
9.14e-06 -0.08 5.08
9.16e-06 -0.12 5.08
9.18e-06 -0.12 5.04
9.2e-06 -0.08 5.08
9.22e-06 -0.12 5.04
9.24e-06 -0.12 5.12
9.26e-06 -0.08 5.04
9.28e-06 -0.12 5.08
9.3e-06 -0.08 5.08
9.32e-06 -0.12 5.08
9.34e-06 -0.12 5.04
9.36e-06 -0.08 5.08
9.38e-06 -0.12 5
9.4e-06 -0.08 4.56
9.42e-06 -0.12 3.84
9.44e-06 -0.12 3.12
9.46e-06 -0.12 2.32
9.48e-06 -0.12 1.68
9.5e-06 -0.12 1.12
9.52e-06 -0.12 0.56
9.54e-06 -0.16 0.28
9.56e-06 -0.12 0.28
9.58e-06 -0.08 0.32
9.6e-06 -0.08 0.32
9.62e-06 -0.12 0.32
9.64e-06 -0.12 0.24
9.66e-06 -0.12 0.28
9.68e-06 -0.12 0.28
9.7e-06 -0.12 0.28
9.72e-06 -0.12 0.28
9.74e-06 -0.08 0.28
9.76e-06 -0.12 0.28
9.78e-06 -0.08 0.28
9.8e-06 -0.08 0.28
9.82e-06 -0.12 0.24
9.84e-06 -0.12 0.28
9.86e-06 -0.08 0.28
9.88e-06 -0.12 0.28
9.9e-06 -0.12 0.24
9.92e-06 -0.08 0.28
9.94e-06 -0.12 0.28
9.96e-06 -0.12 0.32
9.98e-06 -0.08 0.28
1e-05 -0.08 0.28
1.002e-05 -0.08 0.24
1.004e-05 -0.12 0.28
1.006e-05 -0.12 0.28
1.008e-05 -0.08 0.28
1.01e-05 -0.08 0.28
1.012e-05 -0.08 0.28
1.014e-05 -0.08 0.28
1.016e-05 -0.08 0.24
1.018e-05 -0.12 0.28
1.02e-05 -0.08 0.24
1.022e-05 -0.12 0.24
1.024e-05 -0.08 0.24
1.026e-05 -0.08 0.28
1.028e-05 -0.08 0.24
1.03e-05 -0.08 0.24
1.032e-05 -0.08 0.28
1.034e-05 -0.12 0.24
1.036e-05 -0.12 0.24
1.038e-05 -0.12 0.28
1.04e-05 -0.08 0.24
1.042e-05 -0.08 0.24
1.044e-05 -0.08 0.24
1.046e-05 -0.08 0.24
1.048e-05 -0.12 0.28
1.05e-05 -0.12 0.24
1.052e-05 -0.08 0.24
1.054e-05 -0.12 0.24
1.056e-05 -0.08 0.24
1.058e-05 -0.12 0.24
1.06e-05 -0.12 0.28
1.062e-05 -0.08 0.28
1.064e-05 -0.08 0.28
1.066e-05 -0.12 0.24
1.068e-05 -0.12 0.28
1.07e-05 -0.08 0.24
1.072e-05 -0.12 0.24
1.074e-05 -0.08 0.24
1.076e-05 -0.08 0.28
1.078e-05 -0.12 0.28
1.08e-05 -0.12 0.24
1.082e-05 -0.12 0.28
1.084e-05 -0.12 0.24
1.086e-05 -0.12 0.28
1.088e-05 -0.12 0.24
1.09e-05 -0.12 0.24
1.092e-05 -0.12 0.24
1.094e-05 -0.08 0.28
1.096e-05 -0.08 0.28
1.098e-05 -0.08 0.24
1.1e-05 -0.12 0.24
1.102e-05 -0.12 0.24
1.104e-05 -0.12 0.28
1.106e-05 -0.08 0.24
1.108e-05 -0.08 0.24
1.11e-05 -0.12 0.24
1.112e-05 -0.08 0.24
1.114e-05 -0.08 0.28
1.116e-05 -0.08 0.24
1.118e-05 -0.08 0.24
1.12e-05 -0.12 0.24
1.122e-05 -0.12 0.24
1.124e-05 -0.08 0.24
1.126e-05 -0.08 0.24
1.128e-05 -0.12 0.24
1.13e-05 -0.08 0.28
1.132e-05 -0.12 0.28
1.134e-05 -0.12 0.24
1.136e-05 -0.12 0.24
1.138e-05 -0.12 0.24
1.14e-05 -0.08 0.24
1.142e-05 -0.12 0.24
1.144e-05 -0.08 0.24
1.146e-05 -0.08 0.24
1.148e-05 -0.12 0.24
1.15e-05 -0.12 0.24
1.152e-05 -0.08 0.24
1.154e-05 -0.12 0.24
1.156e-05 -0.12 0.24
1.158e-05 -0.08 0.24
1.16e-05 -0.12 0.24
1.162e-05 -0.08 0.24
1.164e-05 -0.08 0.24
1.166e-05 -0.12 0.24
1.168e-05 -0.08 0.28
1.17e-05 -0.08 0.24
1.172e-05 -0.08 0.24
1.174e-05 -0.12 0.24
1.176e-05 -0.08 0.24
1.178e-05 -0.12 0.24
1.18e-05 -0.12 0.24
1.182e-05 -0.12 0.24
1.184e-05 -0.12 0.24
1.186e-05 -0.08 0.24
1.188e-05 -0.12 0.28
1.19e-05 -0.08 0.24
1.192e-05 -0.08 0.24
1.194e-05 -0.08 0.24
1.196e-05 -0.08 0.24
1.198e-05 -0.12 0.24
1.2e-05 -0.12 0.28
1.202e-05 -0.08 0.24
1.204e-05 -0.12 0.24
1.206e-05 -0.12 0.24
1.208e-05 -0.12 0.24
1.21e-05 -0.12 0.24
1.212e-05 -0.08 0.28
1.214e-05 -0.08 0.24
1.216e-05 -0.12 0.24
1.218e-05 -0.08 0.28
1.22e-05 -0.08 0.24
1.222e-05 -0.12 0.24
1.224e-05 -0.08 0.24
1.226e-05 -0.12 0.24
1.228e-05 -0.08 0.24
1.23e-05 -0.12 0.24
1.232e-05 -0.12 0.24
1.234e-05 -0.12 0.24
1.236e-05 -0.08 0.24
1.238e-05 -0.12 0.24
1.24e-05 -0.12 0.24
1.242e-05 -0.12 0.24
1.244e-05 -0.12 0.24
1.246e-05 -0.12 0.24
1.248e-05 -0.08 0.24
1.25e-05 -0.12 0.24
1.252e-05 -0.08 0.24
1.254e-05 -0.12 0.24
1.256e-05 -0.08 0.24
1.258e-05 -0.12 0.24
1.26e-05 -0.12 0.24
1.262e-05 -0.08 0.24
1.264e-05 -0.08 0.24
1.266e-05 -0.12 0.24
1.268e-05 -0.12 0.28
1.27e-05 -0.12 0.28
1.272e-05 -0.12 0.24
1.274e-05 -0.12 0.24
1.276e-05 -0.12 0.24
1.278e-05 -0.12 0.24
1.28e-05 -0.08 0.24
1.282e-05 -0.12 0.24
1.284e-05 -0.08 0.24
1.286e-05 -0.12 0.24
1.288e-05 -0.12 0.24
1.29e-05 -0.08 0.28
1.292e-05 -0.08 0.24
1.294e-05 -0.12 0.24
1.296e-05 -0.08 0.24
1.298e-05 -0.08 0.24
1.3e-05 -0.12 0.24
1.302e-05 -0.12 0.24
1.304e-05 -0.12 0.24
1.306e-05 -0.08 0.24
1.308e-05 -0.08 0.24
1.31e-05 -0.12 0.24
1.312e-05 -0.08 0.2
1.314e-05 -0.08 0.24
1.316e-05 -0.08 0.24
1.318e-05 -0.08 0.24
1.32e-05 -0.08 0.28
1.322e-05 -0.12 0.24
1.324e-05 -0.12 0.24
1.326e-05 -0.12 0.24
1.328e-05 -0.08 0.24
1.33e-05 -0.08 0.2
1.332e-05 -0.12 0.24
1.334e-05 -0.08 0.24
1.336e-05 -0.08 0.28
1.338e-05 -0.08 0.24
1.34e-05 -0.08 0.24
1.342e-05 -0.08 0.24
1.344e-05 -0.08 0.24
1.346e-05 -0.12 0.2
1.348e-05 -0.12 0.2
1.35e-05 -0.08 0.24
1.352e-05 -0.08 0.24
1.354e-05 -0.12 0.24
1.356e-05 -0.12 0.24
1.358e-05 -0.08 0.24
1.36e-05 -0.12 0.24
1.362e-05 -0.12 0.24
1.364e-05 -0.12 0.24
1.366e-05 -0.08 0.24
1.368e-05 -0.12 0.24
1.37e-05 -0.08 0.2
1.372e-05 -0.08 0.24
1.374e-05 -0.08 0.24
1.376e-05 -0.08 0.24
1.378e-05 -0.08 0.24
1.38e-05 -0.08 0.2
1.382e-05 -0.08 0.2
1.384e-05 -0.08 0.24
1.386e-05 -0.12 0.24
1.388e-05 -0.08 0.24
1.39e-05 -0.12 0.24
1.392e-05 -0.12 0.24
1.394e-05 -0.12 0.2
1.396e-05 -0.08 0.24
1.398e-05 -0.12 0.2
1.4e-05 -0.12 0.24
1.402e-05 -0.08 0.24
1.404e-05 -0.08 0.24
1.406e-05 -0.12 0.2
1.408e-05 -0.12 0.24
1.41e-05 -0.12 0.24
1.412e-05 -0.08 0.24
1.414e-05 -0.12 0.2
1.416e-05 -0.12 0.24
1.418e-05 -0.08 0.24
1.42e-05 -0.12 0.24
1.422e-05 -0.08 0.24
1.424e-05 -0.12 0.24
1.426e-05 -0.12 0.24
1.428e-05 -0.12 0.24
1.43e-05 -0.08 0.2
1.432e-05 -0.12 0.24
1.434e-05 -0.12 0.24
1.436e-05 -0.08 0.24
1.438e-05 -0.12 0.4
1.44e-05 -0.12 0.6
1.442e-05 -0.12 0.72
1.444e-05 -0.08 0.88
1.446e-05 -0.12 1
1.448e-05 -0.12 1.16
1.45e-05 -0.12 1.28
1.452e-05 -0.08 1.44
1.454e-05 -0.12 1.56
1.456e-05 -0.12 1.68
1.458e-05 -0.08 1.76
1.46e-05 -0.12 1.92
1.462e-05 -0.12 1.96
1.464e-05 -0.12 2.12
1.466e-05 -0.12 2.2
1.468e-05 -0.12 2.28
1.47e-05 -0.12 2.36
1.472e-05 -0.12 2.48
1.474e-05 -0.08 2.56
1.476e-05 -0.12 2.64
1.478e-05 -0.12 2.68
1.48e-05 -0.12 2.84
1.482e-05 -0.12 2.88
1.484e-05 -0.12 2.96
1.486e-05 -0.08 3.04
1.488e-05 -0.08 3.08
1.49e-05 -0.12 3.2
1.492e-05 -0.08 3.24
1.494e-05 -0.12 3.28
1.496e-05 -0.12 3.32
1.498e-05 -0.12 3.4
1.5e-05 -0.12 3.44
1.502e-05 -0.12 3.52
1.504e-05 -0.08 3.56
1.506e-05 -0.12 3.6
1.508e-05 -0.12 3.68
1.51e-05 -0.12 3.72
1.512e-05 -0.08 3.76
1.514e-05 -0.12 3.84
1.516e-05 -0.12 3.84
1.518e-05 -0.12 3.88
1.52e-05 -0.12 3.92
1.522e-05 -0.12 3.96
1.524e-05 -0.08 4
1.526e-05 -0.12 4
1.528e-05 -0.08 4.08
1.53e-05 -0.12 4.08
1.532e-05 -0.12 4.12
1.534e-05 -0.12 4.12
1.536e-05 -0.12 4.16
1.538e-05 -0.12 4.2
1.54e-05 -0.12 4.24
1.542e-05 -0.12 4.28
1.544e-05 -0.08 4.32
1.546e-05 -0.12 4.32
1.548e-05 -0.12 4.32
1.55e-05 -0.12 4.32
1.552e-05 -0.12 4.4
1.554e-05 -0.08 4.4
1.556e-05 -0.12 4.44
1.558e-05 -0.08 4.48
1.56e-05 -0.12 4.48
1.562e-05 -0.08 4.48
1.564e-05 -0.12 4.48
1.566e-05 -0.12 4.52
1.568e-05 -0.12 4.52
1.57e-05 -0.12 4.56
1.572e-05 -0.12 4.56
1.574e-05 -0.08 4.6
1.576e-05 -0.12 4.56
1.578e-05 -0.08 4.64
1.58e-05 -0.08 4.64
1.582e-05 -0.12 4.6
1.584e-05 -0.08 4.64
1.586e-05 -0.12 4.64
1.588e-05 -0.12 4.68
1.59e-05 -0.12 4.68
1.592e-05 -0.12 4.72
1.594e-05 -0.12 4.72
1.596e-05 -0.12 4.76
1.598e-05 -0.12 4.72
1.6e-05 -0.12 4.72
1.602e-05 -0.12 4.72
1.604e-05 -0.12 4.76
1.606e-05 -0.08 4.8
1.608e-05 -0.12 4.8
1.61e-05 -0.12 4.8
1.612e-05 -0.12 4.8
1.614e-05 -0.12 4.84
1.616e-05 -0.08 4.84
1.618e-05 -0.08 4.84
1.62e-05 -0.12 4.84
1.622e-05 -0.08 4.84
1.624e-05 -0.12 4.84
1.626e-05 -0.12 4.84
1.628e-05 -0.08 4.88
1.63e-05 -0.12 4.88
1.632e-05 -0.12 4.88
1.634e-05 -0.08 4.84
1.636e-05 -0.08 4.88
1.638e-05 -0.12 4.88
1.64e-05 -0.08 4.92
1.642e-05 -0.12 4.88
1.644e-05 -0.12 4.92
1.646e-05 -0.12 4.92
1.648e-05 -0.12 4.92
1.65e-05 -0.12 4.88
1.652e-05 -0.12 4.88
1.654e-05 -0.12 4.92
1.656e-05 -0.12 4.96
1.658e-05 -0.12 4.92
1.66e-05 -0.12 4.96
1.662e-05 -0.08 4.92
1.664e-05 -0.08 4.96
1.666e-05 -0.12 4.96
1.668e-05 -0.08 4.96
1.67e-05 -0.08 4.96
1.672e-05 -0.12 4.96
1.674e-05 -0.12 4.96
1.676e-05 -0.12 5
1.678e-05 -0.12 5
1.68e-05 -0.12 4.96
1.682e-05 -0.08 5
1.684e-05 -0.08 4.96
1.686e-05 -0.12 5
1.688e-05 -0.16 4.96
1.69e-05 -0.08 5
1.692e-05 -0.08 4.96
1.694e-05 -0.08 5
1.696e-05 -0.12 5
1.698e-05 -0.12 5
1.7e-05 -0.12 5
1.702e-05 -0.12 5
1.704e-05 -0.12 5
1.706e-05 -0.12 5
1.708e-05 -0.12 5.04
1.71e-05 -0.12 5
1.712e-05 -0.08 5.04
1.714e-05 -0.12 5
1.716e-05 -0.12 5.04
1.718e-05 -0.08 5.04
1.72e-05 -0.12 5
1.722e-05 -0.08 5.04
1.724e-05 -0.08 5.04
1.726e-05 -0.12 5.04
1.728e-05 -0.12 5.04
1.73e-05 -0.12 5.04
1.732e-05 -0.12 5.04
1.734e-05 -0.12 5.04
1.736e-05 -0.12 5.04
1.738e-05 -0.12 5.04
1.74e-05 -0.12 5.04
1.742e-05 -0.12 5.04
1.744e-05 -0.12 5.04
1.746e-05 -0.12 5.04
1.748e-05 -0.12 5.04
1.75e-05 -0.08 5.04
1.752e-05 -0.08 5.04
1.754e-05 -0.12 5.04
1.756e-05 -0.08 5.04
1.758e-05 -0.08 5.04
1.76e-05 -0.12 5.04
1.762e-05 -0.08 5.04
1.764e-05 -0.08 5.04
1.766e-05 -0.12 5.04
1.768e-05 -0.12 5.04
1.77e-05 -0.12 5.04
1.772e-05 -0.12 5.04
1.774e-05 -0.12 5.04
1.776e-05 -0.12 5.04
1.778e-05 -0.08 5.04
1.78e-05 -0.12 5.04
1.782e-05 -0.12 5.08
1.784e-05 -0.12 5.08
1.786e-05 -0.12 5.04
1.788e-05 -0.08 5.04
1.79e-05 -0.12 5.04
1.792e-05 -0.12 5.04
1.794e-05 -0.12 5.04
1.796e-05 -0.12 5.04
1.798e-05 -0.12 5.04
1.8e-05 -0.12 5.08
1.802e-05 -0.12 5.04
1.804e-05 -0.08 5.04
1.806e-05 -0.08 5.04
1.808e-05 -0.12 5.04
1.81e-05 -0.12 5.04
1.812e-05 -0.08 5.08
1.814e-05 -0.12 5.08
1.816e-05 -0.12 5.08
1.818e-05 -0.12 5.04
1.82e-05 -0.12 5.08
1.822e-05 -0.12 5.04
1.824e-05 -0.08 5.04
1.826e-05 -0.12 5.08
1.828e-05 -0.08 5.04
1.83e-05 -0.12 5.08
1.832e-05 -0.12 5.08
1.834e-05 -0.12 5.08
1.836e-05 -0.08 5.08
1.838e-05 -0.12 5.04
1.84e-05 -0.08 5.04
1.842e-05 -0.12 5.04
1.844e-05 -0.12 5.08
1.846e-05 -0.08 5.04
1.848e-05 -0.12 5.08
1.85e-05 -0.08 5.08
1.852e-05 -0.12 5.08
1.854e-05 -0.12 5.08
1.856e-05 -0.12 5.04
1.858e-05 -0.12 5.04
1.86e-05 -0.12 5.04
1.862e-05 -0.12 5.04
1.864e-05 -0.12 5.08
1.866e-05 -0.12 5.04
1.868e-05 -0.08 5.12
1.87e-05 -0.12 5.04
1.872e-05 -0.08 5.04
1.874e-05 -0.12 5.04
1.876e-05 -0.12 5.08
1.878e-05 -0.08 5.04
1.88e-05 -0.08 5.08
1.882e-05 -0.12 5.08
1.884e-05 -0.12 5.04
1.886e-05 -0.12 5.08
1.888e-05 -0.12 5.04
1.89e-05 -0.12 5.04
1.892e-05 -0.08 5.04
1.894e-05 -0.08 5.08
1.896e-05 -0.12 5.04
1.898e-05 -0.12 5.12
1.9e-05 -0.08 5.08
1.902e-05 -0.12 5.08
1.904e-05 -0.16 5.08
1.906e-05 -0.12 5.04
1.908e-05 -0.12 5.08
1.91e-05 -0.12 5.08
1.912e-05 -0.08 5.08
1.914e-05 -0.12 5.08
1.916e-05 -0.12 5.08
1.918e-05 -0.12 5.08
1.92e-05 -0.12 5.08
1.922e-05 -0.12 5.08
1.924e-05 -0.08 5.08
1.926e-05 -0.12 5.04
1.928e-05 -0.12 5.08
1.93e-05 -0.12 5.04
1.932e-05 -0.12 5.08
1.934e-05 -0.12 5.08
1.936e-05 -0.12 5.12
1.938e-05 -0.16 5.08
1.94e-05 -0.08 4.88
1.942e-05 -0.08 4.32
1.944e-05 -0.12 3.6
1.946e-05 -0.12 2.84
1.948e-05 -0.16 2.12
1.95e-05 -0.12 1.48
1.952e-05 -0.16 0.88
1.954e-05 -0.16 0.48
1.956e-05 -0.12 0.28
1.958e-05 -0.12 0.28
1.96e-05 -0.12 0.32
1.962e-05 -0.08 0.32
1.964e-05 -0.08 0.28
1.966e-05 -0.08 0.28
1.968e-05 -0.12 0.24
1.97e-05 -0.12 0.32
1.972e-05 -0.08 0.28
1.974e-05 -0.12 0.24
1.976e-05 -0.08 0.28
1.978e-05 -0.08 0.28
1.98e-05 -0.08 0.28
1.982e-05 -0.12 0.28
1.984e-05 -0.12 0.28
1.986e-05 -0.08 0.28
1.988e-05 -0.08 0.28
1.99e-05 -0.12 0.24
1.992e-05 -0.12 0.28
1.994e-05 -0.12 0.24
1.996e-05 -0.12 0.28
1.998e-05 -0.08 0.24
2e-05 -0.08 0.28
2.002e-05 -0.12 0.28
2.004e-05 -0.08 0.28
2.006e-05 -0.08 0.28
2.008e-05 -0.08 0.28
2.01e-05 -0.08 0.28
2.012e-05 -0.12 0.28
2.014e-05 -0.12 0.28
2.016e-05 -0.08 0.28
2.018e-05 -0.08 0.24
2.02e-05 -0.08 0.32
2.022e-05 -0.08 0.28
2.024e-05 -0.12 0.24
2.026e-05 -0.12 0.24
2.028e-05 -0.12 0.24
2.03e-05 -0.08 0.28
2.032e-05 -0.08 0.24
2.034e-05 -0.08 0.32
2.036e-05 -0.08 0.24
2.038e-05 -0.08 0.28
2.04e-05 -0.08 0.24
2.042e-05 -0.08 0.24
2.044e-05 -0.08 0.24
2.046e-05 -0.12 0.24
2.048e-05 -0.08 0.24
2.05e-05 -0.08 0.24
2.052e-05 -0.08 0.28
2.054e-05 -0.08 0.32
2.056e-05 -0.08 0.28
2.058e-05 -0.08 0.24
2.06e-05 -0.12 0.24
2.062e-05 -0.08 0.24
2.064e-05 -0.12 0.28
2.066e-05 -0.08 0.24
2.068e-05 -0.08 0.28
2.07e-05 -0.08 0.28
2.072e-05 -0.08 0.24
2.074e-05 -0.08 0.24
2.076e-05 -0.08 0.24
2.078e-05 -0.12 0.24
2.08e-05 -0.08 0.28
2.082e-05 -0.08 0.24
2.084e-05 -0.08 0.24
2.086e-05 -0.12 0.28
2.088e-05 -0.08 0.28
2.09e-05 -0.08 0.28
2.092e-05 -0.08 0.24
2.094e-05 -0.08 0.28
2.096e-05 -0.08 0.2
2.098e-05 -0.08 0.24
2.1e-05 -0.12 0.24
2.102e-05 -0.08 0.28
2.104e-05 -0.12 0.24
2.106e-05 -0.08 0.28
2.108e-05 -0.12 0.28
2.11e-05 -0.12 0.24
2.112e-05 -0.08 0.28
2.114e-05 -0.12 0.24
2.116e-05 -0.08 0.24
2.118e-05 -0.08 0.28
2.12e-05 -0.08 0.28
2.122e-05 -0.08 0.28
2.124e-05 -0.08 0.28
2.126e-05 -0.08 0.24
2.128e-05 -0.08 0.24
2.13e-05 -0.08 0.24
2.132e-05 -0.08 0.24
2.134e-05 -0.08 0.24
2.136e-05 -0.12 0.24
2.138e-05 -0.08 0.24
2.14e-05 -0.08 0.28
2.142e-05 -0.12 0.24
2.144e-05 -0.08 0.24
2.146e-05 -0.08 0.24
2.148e-05 -0.08 0.24
2.15e-05 -0.12 0.28
2.152e-05 -0.12 0.24
2.154e-05 -0.08 0.24
2.156e-05 -0.08 0.28
2.158e-05 -0.12 0.28
2.16e-05 -0.08 0.24
2.162e-05 -0.08 0.24
2.164e-05 -0.08 0.2
2.166e-05 -0.08 0.24
2.168e-05 -0.08 0.24
2.17e-05 -0.08 0.24
2.172e-05 -0.12 0.24
2.174e-05 -0.08 0.24
2.176e-05 -0.08 0.24
2.178e-05 -0.12 0.24
2.18e-05 -0.12 0.24
2.182e-05 -0.08 0.24
2.184e-05 -0.12 0.24
2.186e-05 -0.08 0.24
2.188e-05 -0.08 0.24
2.19e-05 -0.08 0.24
2.192e-05 -0.08 0.24
2.194e-05 -0.12 0.24
2.196e-05 -0.08 0.24
2.198e-05 -0.08 0.2
2.2e-05 -0.08 0.24
2.202e-05 -0.12 0.24
2.204e-05 -0.08 0.24
2.206e-05 -0.08 0.24
2.208e-05 -0.08 0.24
2.21e-05 -0.12 0.24
2.212e-05 -0.08 0.24
2.214e-05 -0.12 0.2
2.216e-05 -0.08 0.24
2.218e-05 -0.08 0.24
2.22e-05 -0.08 0.24
2.222e-05 -0.08 0.24
2.224e-05 -0.12 0.24
2.226e-05 -0.08 0.24
2.228e-05 -0.08 0.24
2.23e-05 -0.08 0.24
2.232e-05 -0.12 0.24
2.234e-05 -0.12 0.24
2.236e-05 -0.12 0.24
2.238e-05 -0.08 0.24
2.24e-05 -0.08 0.28
2.242e-05 -0.12 0.24
2.244e-05 -0.08 0.24
2.246e-05 -0.08 0.24
2.248e-05 -0.12 0.24
2.25e-05 -0.08 0.24
2.252e-05 -0.08 0.24
2.254e-05 -0.12 0.24
2.256e-05 -0.08 0.24
2.258e-05 -0.08 0.24
2.26e-05 -0.12 0.24
2.262e-05 -0.08 0.24
2.264e-05 -0.12 0.24
2.266e-05 -0.08 0.24
2.268e-05 -0.08 0.24
2.27e-05 -0.08 0.24
2.272e-05 -0.08 0.24
2.274e-05 -0.12 0.24
2.276e-05 -0.08 0.24
2.278e-05 -0.08 0.24
2.28e-05 -0.12 0.24
2.282e-05 -0.08 0.24
2.284e-05 -0.12 0.24
2.286e-05 -0.12 0.24
2.288e-05 -0.08 0.24
2.29e-05 -0.12 0.24
2.292e-05 -0.12 0.24
2.294e-05 -0.08 0.24
2.296e-05 -0.08 0.24
2.298e-05 -0.12 0.24
2.3e-05 -0.08 0.24
2.302e-05 -0.08 0.24
2.304e-05 -0.12 0.2
2.306e-05 -0.12 0.28
2.308e-05 -0.12 0.24
2.31e-05 -0.08 0.24
2.312e-05 -0.12 0.24
2.314e-05 -0.12 0.24
2.316e-05 -0.08 0.24
2.318e-05 -0.12 0.24
2.32e-05 -0.12 0.24
2.322e-05 -0.08 0.24
2.324e-05 -0.08 0.24
2.326e-05 -0.08 0.28
2.328e-05 -0.08 0.24
2.33e-05 -0.12 0.24
2.332e-05 -0.12 0.24
2.334e-05 -0.08 0.24
2.336e-05 -0.08 0.24
2.338e-05 -0.08 0.2
2.34e-05 -0.12 0.24
2.342e-05 -0.12 0.24
2.344e-05 -0.08 0.24
2.346e-05 -0.12 0.24
2.348e-05 -0.08 0.24
2.35e-05 -0.08 0.24
2.352e-05 -0.08 0.24
2.354e-05 -0.12 0.24
2.356e-05 -0.12 0.24
2.358e-05 -0.12 0.24
2.36e-05 -0.08 0.24
2.362e-05 -0.08 0.24
2.364e-05 -0.12 0.24
2.366e-05 -0.08 0.24
2.368e-05 -0.12 0.2
2.37e-05 -0.12 0.24
2.372e-05 -0.08 0.24
2.374e-05 -0.08 0.24
2.376e-05 -0.12 0.24
2.378e-05 -0.08 0.24
2.38e-05 -0.08 0.24
2.382e-05 -0.08 0.2
2.384e-05 -0.08 0.24
2.386e-05 -0.12 0.24
2.388e-05 -0.08 0.24
2.39e-05 -0.12 0.2
2.392e-05 -0.12 0.24
2.394e-05 -0.08 0.24
2.396e-05 -0.08 0.24
2.398e-05 -0.12 0.24
2.4e-05 -0.12 0.2
2.402e-05 -0.12 0.24
2.404e-05 -0.08 0.24
2.406e-05 -0.12 0.24
2.408e-05 -0.08 0.24
2.41e-05 -0.08 0.24
2.412e-05 -0.08 0.28
2.414e-05 -0.08 0.24
2.416e-05 -0.12 0.24
2.418e-05 -0.12 0.24
2.42e-05 -0.08 0.24
2.422e-05 -0.12 0.24
2.424e-05 -0.08 0.24
2.426e-05 -0.12 0.24
2.428e-05 -0.08 0.24
2.43e-05 -0.12 0.24
2.432e-05 -0.12 0.24
2.434e-05 -0.12 0.24
2.436e-05 -0.12 0.24
2.438e-05 -0.08 0.24
2.44e-05 -0.16 0.44
2.442e-05 -0.12 0.68
2.444e-05 -0.08 0.8
2.446e-05 -0.12 0.96
2.448e-05 -0.08 1.08
2.45e-05 -0.08 1.2
2.452e-05 -0.12 1.36
2.454e-05 -0.08 1.44
2.456e-05 -0.12 1.56
2.458e-05 -0.12 1.68
2.46e-05 -0.08 1.84
2.462e-05 -0.08 1.92
2.464e-05 -0.08 2
2.466e-05 -0.12 2.12
2.468e-05 -0.12 2.24
2.47e-05 -0.12 2.32
2.472e-05 -0.08 2.4
2.474e-05 -0.12 2.48
2.476e-05 -0.12 2.6
2.478e-05 -0.12 2.64
2.48e-05 -0.12 2.8
2.482e-05 -0.08 2.88
2.484e-05 -0.08 2.88
2.486e-05 -0.12 3
2.488e-05 -0.12 3.08
2.49e-05 -0.12 3.12
2.492e-05 -0.12 3.12
2.494e-05 -0.12 3.24
2.496e-05 -0.12 3.32
2.498e-05 -0.12 3.36
2.5e-05 -0.12 3.4
2.502e-05 -0.08 3.48
2.504e-05 -0.08 3.48
2.506e-05 -0.12 3.56
2.508e-05 -0.08 3.6
2.51e-05 -0.12 3.68
2.512e-05 -0.12 3.72
2.514e-05 -0.12 3.76
2.516e-05 -0.08 3.84
2.518e-05 -0.12 3.84
2.52e-05 -0.12 3.88
2.522e-05 -0.08 3.92
2.524e-05 -0.12 3.96
2.526e-05 -0.12 4
2.528e-05 -0.12 4.04
2.53e-05 -0.12 4.08
2.532e-05 -0.08 4.08
2.534e-05 -0.12 4.12
2.536e-05 -0.16 4.16
2.538e-05 -0.08 4.2
2.54e-05 -0.12 4.2
2.542e-05 -0.12 4.24
2.544e-05 -0.12 4.28
2.546e-05 -0.12 4.32
2.548e-05 -0.08 4.32
2.55e-05 -0.08 4.36
2.552e-05 -0.12 4.36
2.554e-05 -0.12 4.4
2.556e-05 -0.12 4.4
2.558e-05 -0.08 4.44
2.56e-05 -0.08 4.44
2.562e-05 -0.12 4.48
2.564e-05 -0.12 4.52
2.566e-05 -0.08 4.52
2.568e-05 -0.12 4.52
2.57e-05 -0.12 4.56
2.572e-05 -0.12 4.56
2.574e-05 -0.12 4.6
2.576e-05 -0.08 4.56
2.578e-05 -0.08 4.64
2.58e-05 -0.12 4.64
2.582e-05 -0.12 4.64
2.584e-05 -0.12 4.68
2.586e-05 -0.12 4.64
2.588e-05 -0.12 4.72
2.59e-05 -0.12 4.68
2.592e-05 -0.12 4.72
2.594e-05 -0.12 4.72
2.596e-05 -0.12 4.72
2.598e-05 -0.12 4.72
2.6e-05 -0.12 4.76
2.602e-05 -0.12 4.76
2.604e-05 -0.12 4.76
2.606e-05 -0.08 4.76
2.608e-05 -0.12 4.8
2.61e-05 -0.12 4.76
2.612e-05 -0.12 4.8
2.614e-05 -0.12 4.84
2.616e-05 -0.12 4.84
2.618e-05 -0.12 4.84
2.62e-05 -0.12 4.84
2.622e-05 -0.08 4.84
2.624e-05 -0.12 4.84
2.626e-05 -0.12 4.84
2.628e-05 -0.12 4.84
2.63e-05 -0.12 4.88
2.632e-05 -0.12 4.88
2.634e-05 -0.08 4.88
2.636e-05 -0.08 4.88
2.638e-05 -0.08 4.88
2.64e-05 -0.12 4.88
2.642e-05 -0.08 4.88
2.644e-05 -0.08 4.88
2.646e-05 -0.12 4.88
2.648e-05 -0.12 4.96
2.65e-05 -0.12 4.92
2.652e-05 -0.12 4.92
2.654e-05 -0.08 4.92
2.656e-05 -0.08 4.96
2.658e-05 -0.12 4.96
2.66e-05 -0.08 4.96
2.662e-05 -0.12 4.92
2.664e-05 -0.12 4.96
2.666e-05 -0.08 4.96
2.668e-05 -0.12 5
2.67e-05 -0.08 4.96
2.672e-05 -0.12 5
2.674e-05 -0.12 4.96
2.676e-05 -0.12 5
2.678e-05 -0.12 5
2.68e-05 -0.12 4.96
2.682e-05 -0.08 5
2.684e-05 -0.12 5
2.686e-05 -0.08 5
2.688e-05 -0.12 5
2.69e-05 -0.08 5
2.692e-05 -0.08 5
2.694e-05 -0.08 5
2.696e-05 -0.12 5
2.698e-05 -0.08 5
2.7e-05 -0.12 5
2.702e-05 -0.12 5.04
2.704e-05 -0.12 5
2.706e-05 -0.12 5
2.708e-05 -0.12 5
2.71e-05 -0.12 5.04
2.712e-05 -0.08 5
2.714e-05 -0.08 5
2.716e-05 -0.12 5.04
2.718e-05 -0.12 5.04
2.72e-05 -0.12 5.04
2.722e-05 -0.12 5.04
2.724e-05 -0.08 5.04
2.726e-05 -0.12 5.04
2.728e-05 -0.08 5.04
2.73e-05 -0.12 5.04
2.732e-05 -0.12 5.04
2.734e-05 -0.08 5.04
2.736e-05 -0.08 5.04
2.738e-05 -0.08 5.04
2.74e-05 -0.12 5.04
2.742e-05 -0.12 5.04
2.744e-05 -0.12 5.04
2.746e-05 -0.12 5
2.748e-05 -0.08 5.04
2.75e-05 -0.08 5.04
2.752e-05 -0.08 5.04
2.754e-05 -0.08 5.08
2.756e-05 -0.08 5.04
2.758e-05 -0.12 5.04
2.76e-05 -0.12 5.04
2.762e-05 -0.12 5.04
2.764e-05 -0.08 5.04
2.766e-05 -0.08 5.04
2.768e-05 -0.12 5.04
2.77e-05 -0.08 5.04
2.772e-05 -0.08 5.04
2.774e-05 -0.12 5.04
2.776e-05 -0.12 5.04
2.778e-05 -0.12 5.04
2.78e-05 -0.12 5.04
2.782e-05 -0.12 5.04
2.784e-05 -0.12 5.08
2.786e-05 -0.12 5.04
2.788e-05 -0.08 5.08
2.79e-05 -0.12 5.08
2.792e-05 -0.12 5.08
2.794e-05 -0.12 5.04
2.796e-05 -0.08 5.04
2.798e-05 -0.12 5.04
2.8e-05 -0.12 5.08
2.802e-05 -0.12 5.04
2.804e-05 -0.12 5.04
2.806e-05 -0.12 5.04
2.808e-05 -0.12 5.08
2.81e-05 -0.08 5.04
2.812e-05 -0.08 5.08
2.814e-05 -0.08 5.04
2.816e-05 -0.12 5.04
2.818e-05 -0.08 5.08
2.82e-05 -0.08 5.04
2.822e-05 -0.12 5.04
2.824e-05 -0.12 5.04
2.826e-05 -0.08 5.12
2.828e-05 -0.12 5.04
2.83e-05 -0.12 5.04
2.832e-05 -0.08 5.04
2.834e-05 -0.12 5.08
2.836e-05 -0.12 5.08
2.838e-05 -0.12 5.08
2.84e-05 -0.08 5.08
2.842e-05 -0.08 5.08
2.844e-05 -0.12 5.04
2.846e-05 -0.12 5.08
2.848e-05 -0.12 5.04
2.85e-05 -0.12 5.04
2.852e-05 -0.08 5.04
2.854e-05 -0.08 5.04
2.856e-05 -0.12 5.08
2.858e-05 -0.12 5.08
2.86e-05 -0.12 5.08
2.862e-05 -0.12 5.08
2.864e-05 -0.08 5.04
2.866e-05 -0.12 5.04
2.868e-05 -0.12 5.08
2.87e-05 -0.08 5.08
2.872e-05 -0.12 5.08
2.874e-05 -0.12 5.04
2.876e-05 -0.08 5.08
2.878e-05 -0.12 5.08
2.88e-05 -0.08 5.08
2.882e-05 -0.08 5.04
2.884e-05 -0.08 5.08
2.886e-05 -0.08 5.08
2.888e-05 -0.12 5.08
2.89e-05 -0.12 5.08
2.892e-05 -0.12 5.12
2.894e-05 -0.12 5.08
2.896e-05 -0.12 5.08
2.898e-05 -0.12 5.08
2.9e-05 -0.12 5.08
2.902e-05 -0.12 5.08
2.904e-05 -0.12 5.08
2.906e-05 -0.12 5.12
2.908e-05 -0.12 5.08
2.91e-05 -0.08 5.12
2.912e-05 -0.12 5.08
2.914e-05 -0.12 5.08
2.916e-05 -0.12 5.08
2.918e-05 -0.12 5.08
2.92e-05 -0.08 5.12
2.922e-05 -0.08 5.08
2.924e-05 -0.12 5.12
2.926e-05 -0.12 5.08
2.928e-05 -0.12 5.08
2.93e-05 -0.12 5.04
2.932e-05 -0.08 5.08
2.934e-05 -0.12 5.08
2.936e-05 -0.08 5.08
2.938e-05 -0.12 5.08
2.94e-05 -0.12 5.08
2.942e-05 -0.08 4.8
2.944e-05 -0.08 4.12
2.946e-05 -0.12 3.32
2.948e-05 -0.12 2.6
2.95e-05 -0.12 1.92
2.952e-05 -0.12 1.32
2.954e-05 -0.12 0.72
2.956e-05 -0.16 0.36
2.958e-05 -0.08 0.28
2.96e-05 -0.08 0.28
2.962e-05 -0.12 0.32
2.964e-05 -0.08 0.32
2.966e-05 -0.12 0.28
2.968e-05 -0.08 0.28
2.97e-05 -0.12 0.28
2.972e-05 -0.12 0.28
2.974e-05 -0.08 0.32
2.976e-05 -0.08 0.28
2.978e-05 -0.12 0.32
2.98e-05 -0.08 0.28
2.982e-05 -0.12 0.28
2.984e-05 -0.08 0.28
2.986e-05 -0.08 0.24
2.988e-05 -0.08 0.28
2.99e-05 -0.12 0.28
2.992e-05 -0.12 0.28
2.994e-05 -0.08 0.28
2.996e-05 -0.12 0.32
2.998e-05 -0.08 0.28
3e-05 -0.12 0.24
3.002e-05 -0.08 0.24
3.004e-05 -0.12 0.32
3.006e-05 -0.12 0.28
3.008e-05 -0.12 0.28
3.01e-05 -0.08 0.28
3.012e-05 -0.12 0.28
3.014e-05 -0.08 0.24
3.016e-05 -0.08 0.28
3.018e-05 -0.08 0.24
3.02e-05 -0.08 0.28
3.022e-05 -0.08 0.28
3.024e-05 -0.08 0.24
3.026e-05 -0.08 0.28
3.028e-05 -0.12 0.28
3.03e-05 -0.08 0.28
3.032e-05 -0.12 0.24
3.034e-05 -0.12 0.24
3.036e-05 -0.12 0.24
3.038e-05 -0.08 0.28
3.04e-05 -0.08 0.28
3.042e-05 -0.08 0.32
3.044e-05 -0.12 0.24
3.046e-05 -0.08 0.28
3.048e-05 -0.08 0.28
3.05e-05 -0.12 0.24
3.052e-05 -0.08 0.28
3.054e-05 -0.12 0.28
3.056e-05 -0.08 0.24
3.058e-05 -0.08 0.28
3.06e-05 -0.08 0.28
3.062e-05 -0.08 0.28
3.064e-05 -0.08 0.28
3.066e-05 -0.12 0.28
3.068e-05 -0.12 0.28
3.07e-05 -0.08 0.24
3.072e-05 -0.08 0.24
3.074e-05 -0.08 0.24
3.076e-05 -0.12 0.24
3.078e-05 -0.08 0.24
3.08e-05 -0.12 0.28
3.082e-05 -0.08 0.28
3.084e-05 -0.08 0.24
3.086e-05 -0.08 0.24
3.088e-05 -0.12 0.24
3.09e-05 -0.12 0.28
3.092e-05 -0.08 0.28
3.094e-05 -0.12 0.24
3.096e-05 -0.08 0.28
3.098e-05 -0.12 0.28
3.1e-05 -0.08 0.24
3.102e-05 -0.08 0.24
3.104e-05 -0.12 0.24
3.106e-05 -0.12 0.24
3.108e-05 -0.08 0.24
3.11e-05 -0.12 0.28
3.112e-05 -0.08 0.24
3.114e-05 -0.12 0.28
3.116e-05 -0.08 0.28
3.118e-05 -0.12 0.24
3.12e-05 -0.08 0.24
3.122e-05 -0.12 0.24
3.124e-05 -0.08 0.28
3.126e-05 -0.08 0.24
3.128e-05 -0.12 0.28
3.13e-05 -0.08 0.24
3.132e-05 -0.08 0.28
3.134e-05 -0.08 0.24
3.136e-05 -0.12 0.24
3.138e-05 -0.12 0.24
3.14e-05 -0.08 0.24
3.142e-05 -0.12 0.24
3.144e-05 -0.08 0.24
3.146e-05 -0.12 0.24
3.148e-05 -0.12 0.28
3.15e-05 -0.08 0.24
3.152e-05 -0.12 0.24
3.154e-05 -0.08 0.24
3.156e-05 -0.08 0.24
3.158e-05 -0.08 0.24
3.16e-05 -0.12 0.24
3.162e-05 -0.12 0.24
3.164e-05 -0.08 0.24
3.166e-05 -0.12 0.28
3.168e-05 -0.12 0.24
3.17e-05 -0.08 0.24
3.172e-05 -0.08 0.24
3.174e-05 -0.12 0.24
3.176e-05 -0.12 0.24
3.178e-05 -0.12 0.24
3.18e-05 -0.08 0.24
3.182e-05 -0.12 0.28
3.184e-05 -0.12 0.24
3.186e-05 -0.12 0.24
3.188e-05 -0.12 0.24
3.19e-05 -0.12 0.24
3.192e-05 -0.08 0.24
3.194e-05 -0.08 0.24
3.196e-05 -0.12 0.28
3.198e-05 -0.08 0.24
3.2e-05 -0.08 0.28
3.202e-05 -0.08 0.24
3.204e-05 -0.08 0.24
3.206e-05 -0.12 0.24
3.208e-05 -0.12 0.24
3.21e-05 -0.08 0.24
3.212e-05 -0.08 0.24
3.214e-05 -0.08 0.24
3.216e-05 -0.08 0.24
3.218e-05 -0.12 0.24
3.22e-05 -0.08 0.24
3.222e-05 -0.12 0.24
3.224e-05 -0.08 0.24
3.226e-05 -0.12 0.24
3.228e-05 -0.08 0.24
3.23e-05 -0.12 0.28
3.232e-05 -0.08 0.24
3.234e-05 -0.12 0.24
3.236e-05 -0.12 0.24
3.238e-05 -0.08 0.24
3.24e-05 -0.08 0.24
3.242e-05 -0.08 0.24
3.244e-05 -0.08 0.24
3.246e-05 -0.08 0.28
3.248e-05 -0.08 0.24
3.25e-05 -0.12 0.24
3.252e-05 -0.08 0.24
3.254e-05 -0.12 0.24
3.256e-05 -0.12 0.24
3.258e-05 -0.08 0.2
3.26e-05 -0.08 0.24
3.262e-05 -0.08 0.24
3.264e-05 -0.08 0.28
3.266e-05 -0.12 0.24
3.268e-05 -0.12 0.28
3.27e-05 -0.08 0.24
3.272e-05 -0.12 0.24
3.274e-05 -0.08 0.24
3.276e-05 -0.08 0.24
3.278e-05 -0.12 0.24
3.28e-05 -0.08 0.24
3.282e-05 -0.08 0.24
3.284e-05 -0.08 0.28
3.286e-05 -0.12 0.24
3.288e-05 -0.08 0.24
3.29e-05 -0.12 0.24
3.292e-05 -0.08 0.24
3.294e-05 -0.12 0.24
3.296e-05 -0.08 0.24
3.298e-05 -0.08 0.24
3.3e-05 -0.12 0.24
3.302e-05 -0.08 0.24
3.304e-05 -0.12 0.24
3.306e-05 -0.12 0.2
3.308e-05 -0.08 0.24
3.31e-05 -0.08 0.24
3.312e-05 -0.08 0.24
3.314e-05 -0.12 0.28
3.316e-05 -0.12 0.24
3.318e-05 -0.08 0.24
3.32e-05 -0.08 0.24
3.322e-05 -0.12 0.24
3.324e-05 -0.08 0.24
3.326e-05 -0.12 0.2
3.328e-05 -0.12 0.24
3.33e-05 -0.08 0.24
3.332e-05 -0.12 0.24
3.334e-05 -0.08 0.24
3.336e-05 -0.08 0.24
3.338e-05 -0.08 0.24
3.34e-05 -0.12 0.2
3.342e-05 -0.08 0.24
3.344e-05 -0.12 0.24
3.346e-05 -0.08 0.24
3.348e-05 -0.08 0.24
3.35e-05 -0.12 0.24
3.352e-05 -0.08 0.24
3.354e-05 -0.08 0.24
3.356e-05 -0.12 0.24
3.358e-05 -0.08 0.24
3.36e-05 -0.08 0.24
3.362e-05 -0.08 0.24
3.364e-05 -0.12 0.24
3.366e-05 -0.12 0.24
3.368e-05 -0.08 0.24
3.37e-05 -0.08 0.28
3.372e-05 -0.12 0.24
3.374e-05 -0.08 0.24
3.376e-05 -0.12 0.24
3.378e-05 -0.12 0.24
3.38e-05 -0.08 0.24
3.382e-05 -0.08 0.24
3.384e-05 -0.12 0.24
3.386e-05 -0.08 0.24
3.388e-05 -0.08 0.24
3.39e-05 -0.12 0.24
3.392e-05 -0.08 0.24
3.394e-05 -0.12 0.2
3.396e-05 -0.12 0.24
3.398e-05 -0.12 0.24
3.4e-05 -0.12 0.24
3.402e-05 -0.12 0.24
3.404e-05 -0.08 0.24
3.406e-05 -0.12 0.24
3.408e-05 -0.12 0.24
3.41e-05 -0.12 0.24
3.412e-05 -0.12 0.24
3.414e-05 -0.08 0.24
3.416e-05 -0.12 0.24
3.418e-05 -0.08 0.24
3.42e-05 -0.08 0.28
3.422e-05 -0.08 0.24
3.424e-05 -0.12 0.2
3.426e-05 -0.08 0.24
3.428e-05 -0.08 0.24
3.43e-05 -0.08 0.24
3.432e-05 -0.12 0.24
3.434e-05 -0.12 0.24
3.436e-05 -0.08 0.24
3.438e-05 -0.08 0.24
3.44e-05 -0.08 0.32
3.442e-05 -0.12 0.56
3.444e-05 -0.08 0.68
3.446e-05 -0.08 0.8
3.448e-05 -0.12 0.96
3.45e-05 -0.08 1.12
3.452e-05 -0.08 1.28
3.454e-05 -0.08 1.36
3.456e-05 -0.08 1.52
3.458e-05 -0.08 1.64
3.46e-05 -0.12 1.76
3.462e-05 -0.08 1.84
3.464e-05 -0.08 1.96
3.466e-05 -0.12 2.04
3.468e-05 -0.12 2.16
3.47e-05 -0.12 2.28
3.472e-05 -0.12 2.36
3.474e-05 -0.08 2.44
3.476e-05 -0.12 2.52
3.478e-05 -0.12 2.6
3.48e-05 -0.08 2.68
3.482e-05 -0.12 2.76
3.484e-05 -0.08 2.88
3.486e-05 -0.12 2.92
3.488e-05 -0.08 3.04
3.49e-05 -0.12 3.08
3.492e-05 -0.12 3.12
3.494e-05 -0.12 3.2
3.496e-05 -0.08 3.24
3.498e-05 -0.12 3.28
3.5e-05 -0.12 3.4
3.502e-05 -0.12 3.44
3.504e-05 -0.12 3.48
3.506e-05 -0.08 3.56
3.508e-05 -0.12 3.6
3.51e-05 -0.08 3.64
3.512e-05 -0.08 3.68
3.514e-05 -0.12 3.76
3.516e-05 -0.08 3.76
3.518e-05 -0.12 3.8
3.52e-05 -0.12 3.88
3.522e-05 -0.12 3.92
3.524e-05 -0.08 3.96
3.526e-05 -0.08 3.96
3.528e-05 -0.12 4
3.53e-05 -0.08 4.04
3.532e-05 -0.12 4.08
3.534e-05 -0.12 4.08
3.536e-05 -0.12 4.16
3.538e-05 -0.12 4.16
3.54e-05 -0.12 4.2
3.542e-05 -0.12 4.24
3.544e-05 -0.12 4.24
3.546e-05 -0.12 4.28
3.548e-05 -0.08 4.28
3.55e-05 -0.12 4.32
3.552e-05 -0.08 4.36
3.554e-05 -0.12 4.4
3.556e-05 -0.12 4.4
3.558e-05 -0.12 4.44
3.56e-05 -0.08 4.44
3.562e-05 -0.08 4.44
3.564e-05 -0.12 4.48
3.566e-05 -0.12 4.48
3.568e-05 -0.12 4.52
3.57e-05 -0.08 4.56
3.572e-05 -0.12 4.56
3.574e-05 -0.08 4.6
3.576e-05 -0.12 4.56
3.578e-05 -0.12 4.6
3.58e-05 -0.12 4.6
3.582e-05 -0.08 4.6
3.584e-05 -0.08 4.64
3.586e-05 -0.12 4.68
3.588e-05 -0.12 4.64
3.59e-05 -0.12 4.72
3.592e-05 -0.12 4.72
3.594e-05 -0.12 4.72
3.596e-05 -0.12 4.72
3.598e-05 -0.12 4.72
3.6e-05 -0.12 4.72
3.602e-05 -0.12 4.72
3.604e-05 -0.12 4.76
3.606e-05 -0.08 4.8
3.608e-05 -0.08 4.76
3.61e-05 -0.12 4.8
3.612e-05 -0.12 4.76
3.614e-05 -0.12 4.8
3.616e-05 -0.12 4.8
3.618e-05 -0.08 4.84
3.62e-05 -0.12 4.8
3.622e-05 -0.12 4.84
3.624e-05 -0.08 4.88
3.626e-05 -0.12 4.84
3.628e-05 -0.08 4.84
3.63e-05 -0.08 4.84
3.632e-05 -0.12 4.88
3.634e-05 -0.12 4.88
3.636e-05 -0.08 4.84
3.638e-05 -0.12 4.88
3.64e-05 -0.12 4.88
3.642e-05 -0.12 4.92
3.644e-05 -0.12 4.92
3.646e-05 -0.08 4.88
3.648e-05 -0.12 4.92
3.65e-05 -0.12 4.88
3.652e-05 -0.12 4.92
3.654e-05 -0.08 4.96
3.656e-05 -0.08 4.92
3.658e-05 -0.08 4.96
3.66e-05 -0.16 4.96
3.662e-05 -0.08 4.96
3.664e-05 -0.12 4.96
3.666e-05 -0.12 4.96
3.668e-05 -0.08 5
3.67e-05 -0.12 4.96
3.672e-05 -0.12 5
3.674e-05 -0.12 4.96
3.676e-05 -0.12 5
3.678e-05 -0.12 4.96
3.68e-05 -0.08 4.96
3.682e-05 -0.12 4.96
3.684e-05 -0.08 5
3.686e-05 -0.08 5
3.688e-05 -0.12 4.96
3.69e-05 -0.12 5
3.692e-05 -0.12 5
3.694e-05 -0.12 5
3.696e-05 -0.12 5
3.698e-05 -0.12 5
3.7e-05 -0.12 5
3.702e-05 -0.08 5
3.704e-05 -0.12 5
3.706e-05 -0.12 5
3.708e-05 -0.08 5.04
3.71e-05 -0.08 5.04
3.712e-05 -0.12 5.04
3.714e-05 -0.12 5.04
3.716e-05 -0.12 5
3.718e-05 -0.12 5
3.72e-05 -0.08 5
3.722e-05 -0.12 5.04
3.724e-05 -0.12 5.04
3.726e-05 -0.12 5.04
3.728e-05 -0.08 5.04
3.73e-05 -0.12 5.04
3.732e-05 -0.08 5.04
3.734e-05 -0.12 5
3.736e-05 -0.12 5.04
3.738e-05 -0.16 5.04
3.74e-05 -0.12 5.04
3.742e-05 -0.12 5.04
3.744e-05 -0.12 5.04
3.746e-05 -0.08 5.04
3.748e-05 -0.12 5.04
3.75e-05 -0.12 5.04
3.752e-05 -0.12 5.04
3.754e-05 -0.12 5.04
3.756e-05 -0.08 5.04
3.758e-05 -0.08 5.08
3.76e-05 -0.12 5.08
3.762e-05 -0.12 5.04
3.764e-05 -0.12 5.04
3.766e-05 -0.12 5.04
3.768e-05 -0.08 5.04
3.77e-05 -0.08 5.04
3.772e-05 -0.08 5.04
3.774e-05 -0.08 5.08
3.776e-05 -0.12 5.04
3.778e-05 -0.08 5.08
3.78e-05 -0.12 5.08
3.782e-05 -0.12 5.04
3.784e-05 -0.12 5.04
3.786e-05 -0.12 5.04
3.788e-05 -0.12 5.04
3.79e-05 -0.08 5.04
3.792e-05 -0.12 5.04
3.794e-05 -0.12 5.04
3.796e-05 -0.08 5.04
3.798e-05 -0.12 5.04
3.8e-05 -0.08 5.04
3.802e-05 -0.12 5.04
3.804e-05 -0.12 5.08
3.806e-05 -0.08 5.04
3.808e-05 -0.12 5.08
3.81e-05 -0.12 5.04
3.812e-05 -0.08 5.08
3.814e-05 -0.08 5.04
3.816e-05 -0.08 5.04
3.818e-05 -0.08 5.08
3.82e-05 -0.12 5.08
3.822e-05 -0.12 5.04
3.824e-05 -0.12 5.08
3.826e-05 -0.08 5.08
3.828e-05 -0.08 5.04
3.83e-05 -0.12 5.08
3.832e-05 -0.12 5.08
3.834e-05 -0.08 5.04
3.836e-05 -0.12 5.08
3.838e-05 -0.12 5.08
3.84e-05 -0.08 5.04
3.842e-05 -0.12 5.08
3.844e-05 -0.08 5.04
3.846e-05 -0.08 5.08
3.848e-05 -0.12 5.08
3.85e-05 -0.12 5.04
3.852e-05 -0.08 5.08
3.854e-05 -0.12 5.08
3.856e-05 -0.08 5.08
3.858e-05 -0.12 5.04
3.86e-05 -0.12 5.08
3.862e-05 -0.08 5.12
3.864e-05 -0.08 5.12
3.866e-05 -0.08 5.04
3.868e-05 -0.12 5.08
3.87e-05 -0.08 5.04
3.872e-05 -0.08 5.08
3.874e-05 -0.08 5.04
3.876e-05 -0.12 5.12
3.878e-05 -0.08 5.08
3.88e-05 -0.12 5.12
3.882e-05 -0.12 5.08
3.884e-05 -0.12 5.04
3.886e-05 -0.08 5.08
3.888e-05 -0.12 5.08
3.89e-05 -0.08 5.08
3.892e-05 -0.08 5.04
3.894e-05 -0.12 5.08
3.896e-05 -0.08 5.08
3.898e-05 -0.12 5.08
3.9e-05 -0.12 5.08
3.902e-05 -0.12 5.08
3.904e-05 -0.08 5.08
3.906e-05 -0.12 5.08
3.908e-05 -0.08 5.04
3.91e-05 -0.08 5.08
3.912e-05 -0.12 5.08
3.914e-05 -0.12 5.08
3.916e-05 -0.12 5.08
3.918e-05 -0.08 5.08
3.92e-05 -0.12 5.08
3.922e-05 -0.08 5.08
3.924e-05 -0.08 5.08
3.926e-05 -0.12 5.04
3.928e-05 -0.12 5.08
3.93e-05 -0.12 5.08
3.932e-05 -0.12 5.12
3.934e-05 -0.08 5.08
3.936e-05 -0.12 5.08
3.938e-05 -0.12 5.04
3.94e-05 -0.12 5.08
3.942e-05 -0.12 5
3.944e-05 -0.08 4.6
3.946e-05 -0.08 3.88
3.948e-05 -0.12 3.12
3.95e-05 -0.12 2.32
3.952e-05 -0.12 1.72
3.954e-05 -0.12 1.08
3.956e-05 -0.12 0.56
3.958e-05 -0.12 0.28
3.96e-05 -0.12 0.24
3.962e-05 -0.08 0.28
3.964e-05 -0.08 0.32
3.966e-05 -0.08 0.32
3.968e-05 -0.08 0.28
3.97e-05 -0.12 0.28
3.972e-05 -0.08 0.28
3.974e-05 -0.08 0.28
3.976e-05 -0.12 0.28
3.978e-05 0.04 0.28
3.98e-05 0.2 0.28
3.982e-05 0.36 0.28
3.984e-05 0.48 0.32
3.986e-05 0.64 0.28
3.988e-05 0.84 0.28
3.99e-05 0.96 0.28
3.992e-05 1.08 0.24
3.994e-05 1.24 0.28
3.996e-05 1.32 0.28
3.998e-05 1.44 0.32
4e-05 1.56 0.28
4.002e-05 1.72 0.28
4.004e-05 1.8 0.28
4.006e-05 1.92 0.28
4.008e-05 1.96 0.24
4.01e-05 2.08 0.24
4.012e-05 2.2 0.28
4.014e-05 2.24 0.28
4.016e-05 2.36 0.28
4.018e-05 2.44 0.28
4.02e-05 2.52 0.24
4.022e-05 2.6 0.28
4.024e-05 2.68 0.24
4.026e-05 2.76 0.24
4.028e-05 2.84 0.28
4.03e-05 2.84 0.24
4.032e-05 2.92 0.28
4.034e-05 3 0.28
4.036e-05 3.08 0.24
4.038e-05 3.12 0.28
4.04e-05 3.2 0.28
4.042e-05 3.2 0.28
4.044e-05 3.32 0.24
4.046e-05 3.32 0.28
4.048e-05 3.4 0.24
4.05e-05 3.44 0.28
4.052e-05 3.48 0.28
4.054e-05 3.52 0.24
4.056e-05 3.56 0.28
4.058e-05 3.64 0.24
4.06e-05 3.64 0.28
4.062e-05 3.68 0.24
4.064e-05 3.68 0.28
4.066e-05 3.76 0.28
4.068e-05 3.8 0.28
4.07e-05 3.84 0.28
4.072e-05 3.84 0.28
4.074e-05 3.88 0.24
4.076e-05 3.92 0.28
4.078e-05 3.92 0.24
4.08e-05 3.96 0.28
4.082e-05 4 0.24
4.084e-05 4.04 0.28
4.086e-05 4.04 0.28
4.088e-05 4.04 0.24
4.09e-05 4.12 0.24
4.092e-05 4.12 0.24
4.094e-05 4.12 0.24
4.096e-05 4.16 0.24
4.098e-05 4.16 0.24
4.1e-05 4.2 0.24
4.102e-05 4.2 0.28
4.104e-05 4.2 0.24
4.106e-05 4.28 0.24
4.108e-05 4.28 0.28
4.11e-05 4.28 0.24
4.112e-05 4.32 0.24
4.114e-05 4.32 0.24
4.116e-05 4.32 0.24
4.118e-05 4.36 0.24
4.12e-05 4.36 0.28
4.122e-05 4.4 0.24
4.124e-05 4.36 0.24
4.126e-05 4.4 0.24
4.128e-05 4.4 0.24
4.13e-05 4.44 0.24
4.132e-05 4.44 0.24
4.134e-05 4.44 0.24
4.136e-05 4.48 0.28
4.138e-05 4.48 0.24
4.14e-05 4.48 0.24
4.142e-05 4.48 0.24
4.144e-05 4.48 0.24
4.146e-05 4.48 0.24
4.148e-05 4.52 0.24
4.15e-05 4.52 0.24
4.152e-05 4.52 0.24
4.154e-05 4.52 0.24
4.156e-05 4.56 0.24
4.158e-05 4.52 0.24
4.16e-05 4.56 0.24
4.162e-05 4.6 0.24
4.164e-05 4.56 0.24
4.166e-05 4.56 0.24
4.168e-05 4.6 0.24
4.17e-05 4.6 0.24
4.172e-05 4.6 0.24
4.174e-05 4.6 0.24
4.176e-05 4.6 0.24
4.178e-05 4.6 0.24
4.18e-05 4.64 0.24
4.182e-05 4.6 0.24
4.184e-05 4.6 0.28
4.186e-05 4.64 0.24
4.188e-05 4.64 0.24
4.19e-05 4.64 0.24
4.192e-05 4.6 0.24
4.194e-05 4.64 0.24
4.196e-05 4.64 0.24
4.198e-05 4.64 0.24
4.2e-05 4.64 0.24
4.202e-05 4.64 0.24
4.204e-05 4.64 0.24
4.206e-05 4.68 0.24
4.208e-05 4.68 0.24
4.21e-05 4.68 0.24
4.212e-05 4.68 0.24
4.214e-05 4.68 0.24
4.216e-05 4.68 0.24
4.218e-05 4.68 0.24
4.22e-05 4.68 0.24
4.222e-05 4.68 0.28
4.224e-05 4.68 0.24
4.226e-05 4.68 0.24
4.228e-05 4.68 0.24
4.23e-05 4.72 0.24
4.232e-05 4.68 0.24
4.234e-05 4.68 0.24
4.236e-05 4.68 0.24
4.238e-05 4.68 0.24
4.24e-05 4.68 0.24
4.242e-05 4.68 0.24
4.244e-05 4.72 0.24
4.246e-05 4.72 0.24
4.248e-05 4.72 0.24
4.25e-05 4.72 0.24
4.252e-05 4.72 0.24
4.254e-05 4.76 0.24
4.256e-05 4.72 0.24
4.258e-05 4.72 0.24
4.26e-05 4.72 0.24
4.262e-05 4.72 0.24
4.264e-05 4.72 0.24
4.266e-05 4.76 0.24
4.268e-05 4.76 0.24
4.27e-05 4.72 0.24
4.272e-05 4.72 0.28
4.274e-05 4.76 0.24
4.276e-05 4.72 0.24
4.278e-05 4.72 0.24
4.28e-05 4.72 0.24
4.282e-05 4.76 0.24
4.284e-05 4.72 0.24
4.286e-05 4.76 0.24
4.288e-05 4.76 0.24
4.29e-05 4.76 0.24
4.292e-05 4.76 0.24
4.294e-05 4.76 0.24
4.296e-05 4.76 0.24
4.298e-05 4.72 0.24
4.3e-05 4.76 0.24
4.302e-05 4.76 0.24
4.304e-05 4.76 0.24
4.306e-05 4.76 0.24
4.308e-05 4.72 0.24
4.31e-05 4.76 0.24
4.312e-05 4.76 0.24
4.314e-05 4.76 0.24
4.316e-05 4.76 0.24
4.318e-05 4.76 0.24
4.32e-05 4.76 0.24
4.322e-05 4.76 0.24
4.324e-05 4.76 0.28
4.326e-05 4.76 0.24
4.328e-05 4.76 0.24
4.33e-05 4.76 0.24
4.332e-05 4.76 0.24
4.334e-05 4.76 0.2
4.336e-05 4.76 0.24
4.338e-05 4.76 0.24
4.34e-05 4.76 0.24
4.342e-05 4.76 0.24
4.344e-05 4.76 0.24
4.346e-05 4.76 0.2
4.348e-05 4.76 0.24
4.35e-05 4.76 0.2
4.352e-05 4.76 0.24
4.354e-05 4.76 0.24
4.356e-05 4.76 0.24
4.358e-05 4.76 0.24
4.36e-05 4.76 0.24
4.362e-05 4.76 0.24
4.364e-05 4.76 0.24
4.366e-05 4.8 0.24
4.368e-05 4.76 0.2
4.37e-05 4.8 0.24
4.372e-05 4.76 0.24
4.374e-05 4.76 0.24
4.376e-05 4.76 0.24
4.378e-05 4.76 0.24
4.38e-05 4.76 0.24
4.382e-05 4.76 0.24
4.384e-05 4.76 0.24
4.386e-05 4.76 0.24
4.388e-05 4.76 0.24
4.39e-05 4.76 0.24
4.392e-05 4.76 0.24
4.394e-05 4.76 0.24
4.396e-05 4.76 0.24
4.398e-05 4.8 0.24
4.4e-05 4.76 0.24
4.402e-05 4.8 0.24
4.404e-05 4.8 0.24
4.406e-05 4.76 0.2
4.408e-05 4.76 0.24
4.41e-05 4.8 0.24
4.412e-05 4.76 0.24
4.414e-05 4.76 0.24
4.416e-05 4.76 0.24
4.418e-05 4.76 0.2
4.42e-05 4.76 0.24
4.422e-05 4.76 0.24
4.424e-05 4.8 0.24
4.426e-05 4.76 0.24
4.428e-05 4.76 0.24
4.43e-05 4.76 0.24
4.432e-05 4.76 0.24
4.434e-05 4.76 0.24
4.436e-05 4.76 0.24
4.438e-05 4.76 0.24
4.44e-05 4.76 0.24
4.442e-05 4.8 0.4
4.444e-05 4.8 0.64
4.446e-05 4.8 0.76
4.448e-05 4.84 0.88
4.45e-05 4.88 1.04
4.452e-05 4.84 1.16
4.454e-05 4.88 1.32
4.456e-05 4.88 1.44
4.458e-05 4.92 1.56
4.46e-05 4.92 1.68
4.462e-05 4.92 1.76
4.464e-05 4.88 1.92
4.466e-05 4.92 2
4.468e-05 4.92 2.12
4.47e-05 4.92 2.16
4.472e-05 4.92 2.32
4.474e-05 4.92 2.4
4.476e-05 4.92 2.48
4.478e-05 4.92 2.6
4.48e-05 4.92 2.64
4.482e-05 4.96 2.72
4.484e-05 4.92 2.84
4.486e-05 4.96 2.88
4.488e-05 4.96 2.96
4.49e-05 4.92 3.04
4.492e-05 4.96 3.12
4.494e-05 4.96 3.16
4.496e-05 4.92 3.24
4.498e-05 4.96 3.28
4.5e-05 4.92 3.36
4.502e-05 4.96 3.4
4.504e-05 4.96 3.44
4.506e-05 4.92 3.48
4.508e-05 4.92 3.56
4.51e-05 4.92 3.6
4.512e-05 4.92 3.64
4.514e-05 4.92 3.76
4.516e-05 4.92 3.76
4.518e-05 4.96 3.84
4.52e-05 4.92 3.84
4.522e-05 4.92 3.84
4.524e-05 4.92 3.92
4.526e-05 4.92 3.92
4.528e-05 4.92 4
4.53e-05 4.92 4.04
4.532e-05 4.92 4.08
4.534e-05 4.92 4.08
4.536e-05 4.92 4.12
4.538e-05 4.92 4.16
4.54e-05 4.92 4.2
4.542e-05 4.92 4.2
4.544e-05 4.92 4.24
4.546e-05 4.92 4.24
4.548e-05 4.92 4.32
4.55e-05 4.92 4.28
4.552e-05 4.92 4.36
4.554e-05 4.92 4.36
4.556e-05 4.92 4.4
4.558e-05 4.88 4.4
4.56e-05 4.92 4.44
4.562e-05 4.88 4.48
4.564e-05 4.92 4.48
4.566e-05 4.88 4.52
4.568e-05 4.92 4.48
4.57e-05 4.88 4.48
4.572e-05 4.88 4.56
4.574e-05 4.88 4.56
4.576e-05 4.88 4.6
4.578e-05 4.84 4.6
4.58e-05 4.88 4.6
4.582e-05 4.88 4.64
4.584e-05 4.88 4.64
4.586e-05 4.88 4.64
4.588e-05 4.88 4.64
4.59e-05 4.88 4.64
4.592e-05 4.88 4.72
4.594e-05 4.84 4.68
4.596e-05 4.88 4.72
4.598e-05 4.88 4.72
4.6e-05 4.88 4.72
4.602e-05 4.84 4.72
4.604e-05 4.88 4.72
4.606e-05 4.84 4.72
4.608e-05 4.84 4.8
4.61e-05 4.88 4.8
4.612e-05 4.88 4.8
4.614e-05 4.84 4.8
4.616e-05 4.84 4.84
4.618e-05 4.84 4.8
4.62e-05 4.84 4.8
4.622e-05 4.84 4.84
4.624e-05 4.84 4.84
4.626e-05 4.84 4.84
4.628e-05 4.84 4.84
4.63e-05 4.84 4.84
4.632e-05 4.8 4.84
4.634e-05 4.84 4.88
4.636e-05 4.84 4.88
4.638e-05 4.84 4.84
4.64e-05 4.84 4.88
4.642e-05 4.84 4.88
4.644e-05 4.8 4.88
4.646e-05 4.84 4.88
4.648e-05 4.84 4.92
4.65e-05 4.8 4.92
4.652e-05 4.84 4.92
4.654e-05 4.8 4.92
4.656e-05 4.8 4.88
4.658e-05 4.84 4.96
4.66e-05 4.8 4.96
4.662e-05 4.84 4.92
4.664e-05 4.8 4.96
4.666e-05 4.8 4.96
4.668e-05 4.8 4.96
4.67e-05 4.8 4.96
4.672e-05 4.84 4.96
4.674e-05 4.8 4.96
4.676e-05 4.84 4.96
4.678e-05 4.8 4.96
4.68e-05 4.8 5
4.682e-05 4.8 5
4.684e-05 4.8 5
4.686e-05 4.84 4.96
4.688e-05 4.8 4.96
4.69e-05 4.84 4.96
4.692e-05 4.8 5
4.694e-05 4.8 5
4.696e-05 4.8 5
4.698e-05 4.84 5.04
4.7e-05 4.8 5
4.702e-05 4.8 5.04
4.704e-05 4.8 5
4.706e-05 4.8 5
4.708e-05 4.8 5
4.71e-05 4.8 5.04
4.712e-05 4.8 5.04
4.714e-05 4.8 5
4.716e-05 4.8 5
4.718e-05 4.8 5.04
4.72e-05 4.8 5.04
4.722e-05 4.8 5.04
4.724e-05 4.84 5
4.726e-05 4.8 5
4.728e-05 4.8 5.04
4.73e-05 4.8 5
4.732e-05 4.8 5.04
4.734e-05 4.8 5.04
4.736e-05 4.8 5.04
4.738e-05 4.8 5.04
4.74e-05 4.76 5.04
4.742e-05 4.8 5.04
4.744e-05 4.8 5.04
4.746e-05 4.76 5.04
4.748e-05 4.8 5.04
4.75e-05 4.76 5.04
4.752e-05 4.76 5.08
4.754e-05 4.76 5.04
4.756e-05 4.8 5.04
4.758e-05 4.8 5.04
4.76e-05 4.8 5.04
4.762e-05 4.8 5.04
4.764e-05 4.8 5.04
4.766e-05 4.8 5.04
4.768e-05 4.8 5.04
4.77e-05 4.8 5.08
4.772e-05 4.8 5.04
4.774e-05 4.8 5.04
4.776e-05 4.8 5.04
4.778e-05 4.8 5.04
4.78e-05 4.8 5.08
4.782e-05 4.8 5.04
4.784e-05 4.8 5.04
4.786e-05 4.8 5.04
4.788e-05 4.8 5.04
4.79e-05 4.8 5.04
4.792e-05 4.8 5.04
4.794e-05 4.8 5.04
4.796e-05 4.8 5.04
4.798e-05 4.8 5.04
4.8e-05 4.8 5.04
4.802e-05 4.8 5.04
4.804e-05 4.8 5.08
4.806e-05 4.76 5.04
4.808e-05 4.8 5.04
4.81e-05 4.8 5.04
4.812e-05 4.8 5.08
4.814e-05 4.8 5.04
4.816e-05 4.76 5.04
4.818e-05 4.8 5.04
4.82e-05 4.8 5.08
4.822e-05 4.76 5.08
4.824e-05 4.8 5.04
4.826e-05 4.76 5.04
4.828e-05 4.8 5.04
4.83e-05 4.76 5.08
4.832e-05 4.8 5.04
4.834e-05 4.8 5.04
4.836e-05 4.8 5.04
4.838e-05 4.8 5.04
4.84e-05 4.76 5.08
4.842e-05 4.8 5.04
4.844e-05 4.76 5.04
4.846e-05 4.8 5.04
4.848e-05 4.76 5.04
4.85e-05 4.8 5.04
4.852e-05 4.76 5.04
4.854e-05 4.76 5.08
4.856e-05 4.76 5.04
4.858e-05 4.76 5.04
4.86e-05 4.84 5.04
4.862e-05 4.8 5.08
4.864e-05 4.8 5.08
4.866e-05 4.8 5.04
4.868e-05 4.8 5.08
4.87e-05 4.8 5.04
4.872e-05 4.8 5.12
4.874e-05 4.76 5.08
4.876e-05 4.76 5.04
4.878e-05 4.8 5.04
4.88e-05 4.8 5.04
4.882e-05 4.8 5.08
4.884e-05 4.8 5.04
4.886e-05 4.8 5.08
4.888e-05 4.8 5.08
4.89e-05 4.76 5.08
4.892e-05 4.8 5.08
4.894e-05 4.8 5.08
4.896e-05 4.8 5.04
4.898e-05 4.8 5.08
4.9e-05 4.8 5.04
4.902e-05 4.8 5.12
4.904e-05 4.8 5.08
4.906e-05 4.76 5.08
4.908e-05 4.8 5.04
4.91e-05 4.8 5.04
4.912e-05 4.8 5.08
4.914e-05 4.84 5.04
4.916e-05 4.8 5.08
4.918e-05 4.8 5.08
4.92e-05 4.8 5.08
4.922e-05 4.76 5.12
4.924e-05 4.8 5.08
4.926e-05 4.8 5.04
4.928e-05 4.8 5.08
4.93e-05 4.76 5.04
4.932e-05 4.8 5.08
4.934e-05 4.8 5.04
4.936e-05 4.8 5.12
4.938e-05 4.76 5.08
4.94e-05 4.8 5.12
4.942e-05 4.8 5.08
4.944e-05 4.76 4.96
4.946e-05 4.72 4.32
4.948e-05 4.68 3.56
4.95e-05 4.6 2.8
4.952e-05 4.56 2.16
4.954e-05 4.48 1.52
4.956e-05 4.44 0.92
4.958e-05 4.44 0.4
4.96e-05 4.44 0.28
4.962e-05 4.44 0.28
4.964e-05 4.48 0.28
4.966e-05 4.48 0.32
4.968e-05 4.48 0.32
4.97e-05 4.48 0.32
4.972e-05 4.52 0.28
4.974e-05 4.52 0.28
4.976e-05 4.52 0.28
4.978e-05 4.52 0.24
4.98e-05 4.52 0.28
4.982e-05 4.28 0.24
4.984e-05 3.8 0.28
4.986e-05 3.2 0.24
4.988e-05 2.52 0.28
4.99e-05 1.92 0.24
4.992e-05 1.24 0.28
4.994e-05 0.64 0.24
4.996e-05 0.24 0.24
4.998e-05 0.12 0.24
5e-05 0.04 0.28
5.002e-05 0.04 0.28
5.004e-05 0.04 0.32
5.006e-05 0.04 0.28
5.008e-05 0.04 0.24
5.01e-05 0.04 0.28
5.012e-05 0.04 0.28
5.014e-05 0.04 0.24
5.016e-05 0.04 0.24
5.018e-05 0 0.24
5.02e-05 0.04 0.28
5.022e-05 0.04 0.28
5.024e-05 0 0.28
5.026e-05 0.04 0.28
5.028e-05 0.04 0.28
5.03e-05 0 0.28
5.032e-05 0 0.24
5.034e-05 0.04 0.24
5.036e-05 0 0.24
5.038e-05 0 0.28
5.04e-05 0 0.28
5.042e-05 0.04 0.28
5.044e-05 0 0.24
5.046e-05 0.04 0.24
5.048e-05 0 0.28
5.05e-05 0.04 0.24
5.052e-05 0 0.28
5.054e-05 0 0.24
5.056e-05 0 0.24
5.058e-05 0 0.28
5.06e-05 0 0.28
5.062e-05 0 0.24
5.064e-05 0 0.24
5.066e-05 0 0.24
5.068e-05 0 0.28
5.07e-05 0 0.24
5.072e-05 0 0.28
5.074e-05 0 0.24
5.076e-05 0 0.24
5.078e-05 0 0.24
5.08e-05 0 0.24
5.082e-05 0 0.24
5.084e-05 0 0.24
5.086e-05 0 0.28
5.088e-05 0 0.28
5.09e-05 0 0.24
5.092e-05 0 0.24
5.094e-05 0 0.28
5.096e-05 0 0.24
5.098e-05 0 0.28
5.1e-05 0 0.24
5.102e-05 -0.08 0.28
5.104e-05 0 0.24
5.106e-05 0 0.28
5.108e-05 0 0.28
5.11e-05 0 0.24
5.112e-05 -0.08 0.24
5.114e-05 0 0.24
5.116e-05 -0.08 0.28
5.118e-05 0 0.24
5.12e-05 0 0.24
5.122e-05 -0.08 0.24
5.124e-05 0 0.28
5.126e-05 -0.08 0.24
5.128e-05 0 0.24
5.13e-05 -0.08 0.24
5.132e-05 0 0.24
5.134e-05 0 0.24
5.136e-05 0 0.24
5.138e-05 0 0.24
5.14e-05 0 0.28
5.142e-05 0 0.24
5.144e-05 0 0.28
5.146e-05 -0.08 0.24
5.148e-05 0 0.24
5.15e-05 0 0.24
5.152e-05 -0.08 0.24
5.154e-05 0 0.28
5.156e-05 0 0.28
5.158e-05 -0.08 0.28
5.16e-05 0 0.28
5.162e-05 -0.08 0.24
5.164e-05 0 0.24
5.166e-05 -0.08 0.24
5.168e-05 -0.08 0.24
5.17e-05 -0.08 0.28
5.172e-05 -0.08 0.24
5.174e-05 -0.08 0.28
5.176e-05 0 0.24
5.178e-05 -0.08 0.24
5.18e-05 0 0.24
5.182e-05 -0.08 0.24
5.184e-05 -0.08 0.24
5.186e-05 -0.08 0.24
5.188e-05 0 0.24
5.19e-05 -0.08 0.24
5.192e-05 -0.08 0.24
5.194e-05 0 0.24
5.196e-05 0 0.24
5.198e-05 -0.08 0.24
5.2e-05 0 0.24
5.202e-05 -0.08 0.24
5.204e-05 -0.08 0.24
5.206e-05 0 0.24
5.208e-05 -0.08 0.24
5.21e-05 -0.08 0.24
5.212e-05 -0.08 0.24
5.214e-05 0 0.28
5.216e-05 -0.08 0.24
5.218e-05 0 0.24
5.22e-05 0 0.24
5.222e-05 -0.08 0.24
5.224e-05 0 0.28
5.226e-05 -0.08 0.24
5.228e-05 -0.08 0.24
5.23e-05 -0.08 0.24
5.232e-05 0 0.28
5.234e-05 -0.08 0.24
5.236e-05 0 0.24
5.238e-05 -0.08 0.24
5.24e-05 -0.08 0.2
5.242e-05 0 0.28
5.244e-05 -0.08 0.28
5.246e-05 -0.08 0.28
5.248e-05 0 0.24
5.25e-05 -0.08 0.2
5.252e-05 -0.08 0.24
5.254e-05 -0.08 0.24
5.256e-05 -0.08 0.24
5.258e-05 -0.08 0.24
5.26e-05 -0.08 0.24
5.262e-05 -0.08 0.24
5.264e-05 -0.08 0.24
5.266e-05 -0.08 0.24
5.268e-05 -0.08 0.24
5.27e-05 -0.08 0.24
5.272e-05 -0.08 0.24
5.274e-05 -0.08 0.24
5.276e-05 -0.08 0.24
5.278e-05 -0.08 0.24
5.28e-05 -0.08 0.24
5.282e-05 -0.08 0.24
5.284e-05 -0.08 0.2
5.286e-05 -0.08 0.24
5.288e-05 -0.08 0.24
5.29e-05 -0.12 0.24
5.292e-05 -0.08 0.24
5.294e-05 -0.08 0.24
5.296e-05 -0.08 0.24
5.298e-05 0 0.24
5.3e-05 -0.08 0.24
5.302e-05 -0.08 0.24
5.304e-05 -0.08 0.2
5.306e-05 -0.08 0.24
5.308e-05 -0.08 0.24
5.31e-05 -0.08 0.24
5.312e-05 -0.08 0.24
5.314e-05 -0.08 0.24
5.316e-05 -0.08 0.24
5.318e-05 -0.08 0.24
5.32e-05 0 0.24
5.322e-05 -0.08 0.2
5.324e-05 -0.08 0.24
5.326e-05 -0.08 0.24
5.328e-05 -0.08 0.24
5.33e-05 -0.08 0.24
5.332e-05 -0.08 0.24
5.334e-05 -0.08 0.24
5.336e-05 -0.08 0.24
5.338e-05 -0.08 0.24
5.34e-05 -0.08 0.24
5.342e-05 -0.08 0.24
5.344e-05 -0.08 0.24
5.346e-05 -0.08 0.24
5.348e-05 -0.08 0.28
5.35e-05 -0.08 0.24
5.352e-05 -0.08 0.24
5.354e-05 0 0.24
5.356e-05 -0.08 0.24
5.358e-05 -0.08 0.24
5.36e-05 -0.08 0.24
5.362e-05 -0.08 0.24
5.364e-05 -0.08 0.24
5.366e-05 -0.08 0.28
5.368e-05 -0.08 0.24
5.37e-05 -0.08 0.24
5.372e-05 -0.08 0.2
5.374e-05 -0.08 0.24
5.376e-05 -0.08 0.24
5.378e-05 -0.08 0.24
5.38e-05 -0.08 0.24
5.382e-05 -0.08 0.24
5.384e-05 -0.08 0.24
5.386e-05 -0.08 0.24
5.388e-05 -0.08 0.24
5.39e-05 -0.08 0.24
5.392e-05 -0.08 0.24
5.394e-05 -0.08 0.2
5.396e-05 -0.12 0.24
5.398e-05 -0.08 0.24
5.4e-05 -0.08 0.24
5.402e-05 -0.08 0.24
5.404e-05 -0.08 0.24
5.406e-05 -0.08 0.24
5.408e-05 -0.08 0.24
5.41e-05 -0.08 0.24
5.412e-05 -0.08 0.24
5.414e-05 -0.08 0.24
5.416e-05 -0.08 0.24
5.418e-05 -0.08 0.24
5.42e-05 0 0.24
5.422e-05 -0.08 0.24
5.424e-05 -0.08 0.24
5.426e-05 -0.08 0.24
5.428e-05 -0.08 0.24
5.43e-05 -0.08 0.24
5.432e-05 -0.08 0.24
5.434e-05 -0.08 0.24
5.436e-05 -0.08 0.24
5.438e-05 -0.08 0.24
5.44e-05 -0.08 0.2
5.442e-05 -0.08 0.28
5.444e-05 -0.12 0.44
5.446e-05 -0.08 0.68
5.448e-05 -0.08 0.8
5.45e-05 -0.08 0.96
5.452e-05 -0.08 1.08
5.454e-05 -0.08 1.2
5.456e-05 -0.08 1.36
5.458e-05 -0.08 1.48
5.46e-05 -0.08 1.6
5.462e-05 -0.08 1.68
5.464e-05 -0.08 1.84
5.466e-05 -0.08 1.92
5.468e-05 -0.08 2.04
5.47e-05 -0.08 2.16
5.472e-05 -0.08 2.24
5.474e-05 -0.08 2.32
5.476e-05 -0.08 2.44
5.478e-05 -0.08 2.48
5.48e-05 -0.08 2.6
5.482e-05 -0.12 2.68
5.484e-05 -0.08 2.8
5.486e-05 -0.12 2.88
5.488e-05 -0.08 2.92
5.49e-05 -0.08 2.96
5.492e-05 -0.08 3.04
5.494e-05 -0.08 3.12
5.496e-05 -0.08 3.2
5.498e-05 -0.08 3.24
5.5e-05 -0.08 3.32
5.502e-05 -0.08 3.36
5.504e-05 -0.08 3.44
5.506e-05 -0.12 3.48
5.508e-05 -0.08 3.52
5.51e-05 -0.08 3.56
5.512e-05 -0.08 3.6
5.514e-05 -0.08 3.68
5.516e-05 -0.08 3.76
5.518e-05 -0.08 3.76
5.52e-05 -0.08 3.8
5.522e-05 -0.08 3.84
5.524e-05 -0.08 3.92
5.526e-05 -0.08 3.92
5.528e-05 -0.08 3.96
5.53e-05 -0.08 4
5.532e-05 -0.08 4.08
5.534e-05 -0.12 4.08
5.536e-05 -0.12 4.12
5.538e-05 -0.08 4.12
5.54e-05 -0.12 4.2
5.542e-05 -0.08 4.2
5.544e-05 -0.12 4.2
5.546e-05 -0.08 4.24
5.548e-05 -0.12 4.28
5.55e-05 -0.12 4.28
5.552e-05 -0.08 4.32
5.554e-05 -0.08 4.36
5.556e-05 -0.08 4.36
5.558e-05 -0.12 4.4
5.56e-05 -0.12 4.4
5.562e-05 -0.08 4.44
5.564e-05 -0.08 4.44
5.566e-05 -0.08 4.48
5.568e-05 -0.08 4.52
5.57e-05 -0.08 4.52
5.572e-05 -0.08 4.52
5.574e-05 -0.12 4.56
5.576e-05 -0.08 4.56
5.578e-05 -0.08 4.56
5.58e-05 -0.08 4.56
5.582e-05 -0.08 4.6
5.584e-05 -0.08 4.64
5.586e-05 -0.12 4.6
5.588e-05 -0.12 4.68
5.59e-05 -0.12 4.68
5.592e-05 -0.08 4.68
5.594e-05 -0.08 4.68
5.596e-05 -0.08 4.72
5.598e-05 -0.08 4.68
5.6e-05 -0.08 4.72
5.602e-05 -0.12 4.72
5.604e-05 -0.08 4.8
5.606e-05 -0.12 4.72
5.608e-05 -0.08 4.8
5.61e-05 -0.12 4.76
5.612e-05 -0.08 4.8
5.614e-05 -0.08 4.76
5.616e-05 -0.12 4.8
5.618e-05 -0.12 4.84
5.62e-05 -0.12 4.84
5.622e-05 -0.12 4.84
5.624e-05 -0.08 4.84
5.626e-05 -0.12 4.84
5.628e-05 -0.08 4.84
5.63e-05 -0.08 4.88
5.632e-05 -0.08 4.88
5.634e-05 -0.12 4.88
5.636e-05 -0.08 4.88
5.638e-05 -0.08 4.88
5.64e-05 -0.08 4.88
5.642e-05 -0.08 4.88
5.644e-05 -0.08 4.88
5.646e-05 -0.08 4.88
5.648e-05 -0.12 4.88
5.65e-05 -0.08 4.88
5.652e-05 -0.08 4.88
5.654e-05 -0.08 4.92
5.656e-05 -0.08 4.92
5.658e-05 -0.08 4.88
5.66e-05 -0.12 4.96
5.662e-05 -0.08 4.92
5.664e-05 -0.12 4.92
5.666e-05 -0.08 4.92
5.668e-05 -0.08 4.96
5.67e-05 -0.08 4.96
5.672e-05 -0.08 4.96
5.674e-05 -0.08 4.96
5.676e-05 -0.08 4.96
5.678e-05 -0.08 4.96
5.68e-05 -0.08 5
5.682e-05 -0.12 4.96
5.684e-05 -0.12 4.96
5.686e-05 -0.08 5
5.688e-05 -0.12 5
5.69e-05 -0.08 5
5.692e-05 -0.12 5
5.694e-05 -0.12 5
5.696e-05 -0.08 5
5.698e-05 -0.08 5
5.7e-05 -0.08 5
5.702e-05 -0.08 5
5.704e-05 -0.08 5
5.706e-05 -0.12 5
5.708e-05 -0.08 5.04
5.71e-05 -0.08 5
5.712e-05 -0.12 5
5.714e-05 -0.12 5
5.716e-05 -0.08 5
5.718e-05 -0.08 5.04
5.72e-05 -0.08 5.04
5.722e-05 -0.12 5.04
5.724e-05 -0.08 5.04
5.726e-05 -0.08 5.04
5.728e-05 -0.08 5.04
5.73e-05 -0.08 5
5.732e-05 -0.12 5.04
5.734e-05 -0.12 5
5.736e-05 -0.08 5.04
5.738e-05 -0.12 5.04
5.74e-05 -0.08 5.04
5.742e-05 -0.08 5.04
5.744e-05 -0.12 5.04
5.746e-05 -0.08 5.04
5.748e-05 -0.08 5.04
5.75e-05 -0.12 5
5.752e-05 -0.08 5.04
5.754e-05 -0.12 5.04
5.756e-05 -0.12 5.04
5.758e-05 -0.12 5.04
5.76e-05 -0.08 5.04
5.762e-05 -0.12 5.08
5.764e-05 -0.08 5.04
5.766e-05 -0.12 5.04
5.768e-05 -0.08 5.04
5.77e-05 -0.08 5.04
5.772e-05 -0.08 5.04
5.774e-05 -0.08 5.08
5.776e-05 -0.08 5.08
5.778e-05 -0.08 5.04
5.78e-05 -0.12 5.04
5.782e-05 -0.08 5.04
5.784e-05 -0.12 5.04
5.786e-05 -0.12 5.04
5.788e-05 -0.12 5.08
5.79e-05 -0.08 5.04
5.792e-05 -0.08 5.08
5.794e-05 -0.08 5.04
5.796e-05 -0.08 5.08
5.798e-05 -0.08 5.04
5.8e-05 -0.08 5.04
5.802e-05 -0.08 5.04
5.804e-05 -0.12 5.08
5.806e-05 -0.08 5.08
5.808e-05 -0.08 5.04
5.81e-05 -0.12 5.04
5.812e-05 -0.12 5.08
5.814e-05 -0.08 5.08
5.816e-05 -0.12 5.08
5.818e-05 -0.12 5.04
5.82e-05 -0.08 5.04
5.822e-05 -0.08 5.04
5.824e-05 -0.08 5.04
5.826e-05 -0.12 5.08
5.828e-05 -0.12 5.08
5.83e-05 -0.12 5.04
5.832e-05 -0.12 5.08
5.834e-05 -0.08 5.04
5.836e-05 -0.12 5.04
5.838e-05 -0.12 5.04
5.84e-05 -0.08 5.08
5.842e-05 -0.12 5.12
5.844e-05 -0.12 5.08
5.846e-05 -0.12 5.04
5.848e-05 -0.08 5.04
5.85e-05 -0.12 5.08
5.852e-05 -0.08 5.04
5.854e-05 -0.08 5.08
5.856e-05 -0.12 5.08
5.858e-05 -0.12 5.08
5.86e-05 -0.12 5.04
5.862e-05 -0.12 5.08
5.864e-05 -0.08 5.08
5.866e-05 -0.12 5.04
5.868e-05 -0.08 5.04
5.87e-05 -0.08 5.04
5.872e-05 -0.12 5.08
5.874e-05 -0.12 5.08
5.876e-05 -0.12 5.04
5.878e-05 -0.12 5.08
5.88e-05 -0.08 5.08
5.882e-05 -0.12 5.08
5.884e-05 -0.08 5.08
5.886e-05 -0.08 5.04
5.888e-05 -0.12 5.08
5.89e-05 -0.12 5.08
5.892e-05 -0.12 5.04
5.894e-05 -0.08 5.08
5.896e-05 -0.12 5.08
5.898e-05 -0.12 5.08
5.9e-05 -0.12 5.08
5.902e-05 -0.12 5.04
5.904e-05 -0.08 5.04
5.906e-05 -0.12 5.08
5.908e-05 -0.12 5.08
5.91e-05 -0.12 5.12
5.912e-05 -0.08 5.08
5.914e-05 -0.08 5.08
5.916e-05 -0.12 5.08
5.918e-05 -0.12 5.08
5.92e-05 -0.12 5.04
5.922e-05 -0.12 5.08
5.924e-05 -0.12 5.08
5.926e-05 -0.08 5.08
5.928e-05 -0.12 5.12
5.93e-05 -0.08 5.08
5.932e-05 -0.08 5.08
5.934e-05 -0.08 5.08
5.936e-05 -0.12 5.08
5.938e-05 -0.12 5.04
5.94e-05 -0.12 5.08
5.942e-05 -0.08 5.08
5.944e-05 -0.08 5.08
5.946e-05 -0.08 4.8
5.948e-05 -0.08 4.12
5.95e-05 -0.12 3.32
5.952e-05 -0.12 2.56
5.954e-05 -0.12 1.92
5.956e-05 -0.12 1.28
5.958e-05 -0.08 0.72
5.96e-05 -0.12 0.36
5.962e-05 -0.12 0.28
5.964e-05 -0.08 0.28
5.966e-05 -0.08 0.32
5.968e-05 -0.08 0.32
5.97e-05 -0.08 0.32
5.972e-05 -0.08 0.28
5.974e-05 -0.08 0.28
5.976e-05 -0.08 0.32
5.978e-05 -0.08 0.32
5.98e-05 -0.08 0.28
5.982e-05 -0.08 0.32
5.984e-05 -0.08 0.28
5.986e-05 -0.08 0.28
5.988e-05 -0.12 0.28
5.99e-05 -0.08 0.24
5.992e-05 -0.08 0.32
5.994e-05 -0.08 0.28
5.996e-05 -0.08 0.32
5.998e-05 -0.12 0.24
6e-05 -0.08 0.32
6.002e-05 -0.08 0.28
6.004e-05 -0.12 0.24
6.006e-05 -0.08 0.24
6.008e-05 -0.08 0.24
6.01e-05 -0.08 0.28
6.012e-05 -0.08 0.28
6.014e-05 -0.08 0.28
6.016e-05 -0.08 0.28
6.018e-05 -0.08 0.28
6.02e-05 -0.08 0.24
6.022e-05 -0.12 0.24
6.024e-05 -0.08 0.28
6.026e-05 -0.08 0.28
6.028e-05 -0.08 0.28
6.03e-05 -0.08 0.28
6.032e-05 -0.08 0.28
6.034e-05 -0.08 0.28
6.036e-05 -0.12 0.24
6.038e-05 -0.12 0.24
6.04e-05 -0.08 0.24
6.042e-05 -0.08 0.24
6.044e-05 -0.08 0.24
6.046e-05 -0.08 0.28
6.048e-05 -0.12 0.24
6.05e-05 -0.08 0.24
6.052e-05 -0.12 0.28
6.054e-05 -0.12 0.28
6.056e-05 -0.08 0.24
6.058e-05 -0.08 0.24
6.06e-05 -0.08 0.28
6.062e-05 -0.08 0.24
6.064e-05 -0.08 0.28
6.066e-05 -0.12 0.24
6.068e-05 -0.08 0.28
6.07e-05 -0.12 0.24
6.072e-05 -0.12 0.24
6.074e-05 -0.08 0.24
6.076e-05 -0.08 0.28
6.078e-05 -0.12 0.28
6.08e-05 -0.08 0.28
6.082e-05 -0.08 0.28
6.084e-05 -0.08 0.28
6.086e-05 -0.08 0.24
6.088e-05 -0.08 0.24
6.09e-05 -0.08 0.24
6.092e-05 -0.08 0.24
6.094e-05 -0.12 0.28
6.096e-05 -0.08 0.28
6.098e-05 -0.12 0.28
6.1e-05 -0.12 0.24
6.102e-05 -0.08 0.28
6.104e-05 -0.12 0.24
6.106e-05 -0.08 0.24
6.108e-05 -0.08 0.24
6.11e-05 -0.08 0.24
6.112e-05 -0.08 0.28
6.114e-05 -0.08 0.28
6.116e-05 -0.08 0.24
6.118e-05 -0.08 0.28
6.12e-05 -0.12 0.24
6.122e-05 -0.12 0.24
6.124e-05 -0.08 0.24
6.126e-05 -0.08 0.24
6.128e-05 -0.08 0.28
6.13e-05 -0.08 0.24
6.132e-05 -0.12 0.24
6.134e-05 -0.08 0.24
6.136e-05 -0.08 0.28
6.138e-05 -0.08 0.24
6.14e-05 -0.12 0.2
6.142e-05 -0.08 0.24
6.144e-05 -0.12 0.24
6.146e-05 -0.12 0.28
6.148e-05 -0.12 0.24
6.15e-05 -0.12 0.24
6.152e-05 -0.08 0.28
6.154e-05 -0.12 0.24
6.156e-05 -0.08 0.28
6.158e-05 -0.12 0.24
6.16e-05 -0.12 0.24
6.162e-05 -0.12 0.24
6.164e-05 -0.12 0.24
6.166e-05 -0.08 0.24
6.168e-05 -0.08 0.24
6.17e-05 -0.08 0.24
6.172e-05 -0.12 0.24
6.174e-05 -0.08 0.24
6.176e-05 -0.08 0.24
6.178e-05 -0.08 0.24
6.18e-05 -0.12 0.24
6.182e-05 -0.08 0.24
6.184e-05 -0.08 0.24
6.186e-05 -0.12 0.28
6.188e-05 -0.12 0.24
6.19e-05 -0.08 0.28
6.192e-05 -0.12 0.24
6.194e-05 -0.08 0.24
6.196e-05 -0.08 0.24
6.198e-05 -0.08 0.24
6.2e-05 -0.08 0.24
6.202e-05 -0.08 0.24
6.204e-05 -0.12 0.28
6.206e-05 -0.12 0.24
6.208e-05 -0.08 0.24
6.21e-05 -0.12 0.24
6.212e-05 -0.08 0.24
6.214e-05 -0.12 0.24
6.216e-05 -0.08 0.28
6.218e-05 -0.12 0.24
6.22e-05 -0.12 0.28
6.222e-05 -0.08 0.24
6.224e-05 -0.12 0.24
6.226e-05 -0.08 0.24
6.228e-05 -0.08 0.24
6.23e-05 -0.08 0.24
6.232e-05 -0.08 0.28
6.234e-05 -0.08 0.24
6.236e-05 -0.12 0.24
6.238e-05 -0.12 0.24
6.24e-05 -0.08 0.24
6.242e-05 -0.08 0.24
6.244e-05 -0.12 0.24
6.246e-05 -0.08 0.24
6.248e-05 -0.08 0.24
6.25e-05 -0.12 0.24
6.252e-05 -0.08 0.24
6.254e-05 -0.08 0.24
6.256e-05 -0.08 0.24
6.258e-05 -0.08 0.24
6.26e-05 -0.08 0.24
6.262e-05 -0.08 0.24
6.264e-05 -0.08 0.24
6.266e-05 -0.12 0.24
6.268e-05 -0.08 0.24
6.27e-05 -0.08 0.24
6.272e-05 -0.12 0.28
6.274e-05 -0.08 0.24
6.276e-05 -0.08 0.24
6.278e-05 -0.12 0.24
6.28e-05 -0.08 0.24
6.282e-05 -0.12 0.24
6.284e-05 -0.08 0.24
6.286e-05 -0.08 0.24
6.288e-05 -0.12 0.24
6.29e-05 -0.12 0.28
6.292e-05 -0.08 0.24
6.294e-05 -0.12 0.24
6.296e-05 -0.08 0.24
6.298e-05 -0.08 0.24
6.3e-05 -0.08 0.24
6.302e-05 -0.08 0.24
6.304e-05 -0.12 0.24
6.306e-05 -0.08 0.24
6.308e-05 -0.12 0.24
6.31e-05 -0.08 0.24
6.312e-05 -0.12 0.24
6.314e-05 -0.08 0.24
6.316e-05 -0.08 0.24
6.318e-05 -0.08 0.24
6.32e-05 -0.12 0.24
6.322e-05 -0.08 0.24
6.324e-05 -0.08 0.24
6.326e-05 -0.08 0.24
6.328e-05 -0.08 0.24
6.33e-05 -0.08 0.24
6.332e-05 -0.08 0.24
6.334e-05 -0.08 0.24
6.336e-05 -0.12 0.24
6.338e-05 -0.08 0.24
6.34e-05 -0.08 0.24
6.342e-05 -0.12 0.24
6.344e-05 -0.08 0.24
6.346e-05 -0.08 0.2
6.348e-05 -0.12 0.24
6.35e-05 -0.12 0.24
6.352e-05 -0.12 0.24
6.354e-05 -0.12 0.24
6.356e-05 -0.08 0.24
6.358e-05 -0.08 0.24
6.36e-05 -0.08 0.24
6.362e-05 -0.12 0.24
6.364e-05 -0.08 0.24
6.366e-05 -0.08 0.24
6.368e-05 -0.12 0.24
6.37e-05 -0.12 0.24
6.372e-05 -0.12 0.24
6.374e-05 -0.08 0.28
6.376e-05 -0.08 0.24
6.378e-05 -0.08 0.2
6.38e-05 -0.08 0.24
6.382e-05 -0.12 0.24
6.384e-05 -0.12 0.24
6.386e-05 -0.08 0.24
6.388e-05 -0.08 0.24
6.39e-05 -0.08 0.24
6.392e-05 -0.12 0.24
6.394e-05 -0.08 0.24
6.396e-05 -0.08 0.24
6.398e-05 -0.12 0.24
6.4e-05 -0.08 0.24
6.402e-05 -0.08 0.24
6.404e-05 -0.12 0.24
6.406e-05 -0.08 0.24
6.408e-05 -0.12 0.24
6.41e-05 -0.08 0.24
6.412e-05 -0.08 0.24
6.414e-05 -0.08 0.24
6.416e-05 -0.12 0.24
6.418e-05 -0.08 0.24
6.42e-05 -0.12 0.24
6.422e-05 -0.08 0.24
6.424e-05 -0.08 0.24
6.426e-05 -0.08 0.24
6.428e-05 -0.08 0.24
6.43e-05 -0.12 0.24
6.432e-05 -0.08 0.24
6.434e-05 -0.08 0.24
6.436e-05 -0.12 0.24
6.438e-05 -0.12 0.24
6.44e-05 -0.08 0.24
6.442e-05 -0.12 0.24
6.444e-05 -0.12 0.32
6.446e-05 -0.08 0.56
6.448e-05 -0.08 0.68
6.45e-05 -0.12 0.84
6.452e-05 -0.08 1
6.454e-05 -0.12 1.16
6.456e-05 -0.08 1.24
6.458e-05 -0.08 1.4
6.46e-05 -0.08 1.52
6.462e-05 -0.08 1.6
6.464e-05 -0.08 1.76
6.466e-05 -0.08 1.8
6.468e-05 -0.08 1.96
6.47e-05 -0.08 2.08
6.472e-05 -0.08 2.16
6.474e-05 -0.12 2.24
6.476e-05 -0.12 2.4
6.478e-05 -0.12 2.4
6.48e-05 -0.08 2.48
6.482e-05 -0.12 2.6
6.484e-05 -0.12 2.68
6.486e-05 -0.12 2.76
6.488e-05 -0.08 2.84
6.49e-05 -0.12 2.96
6.492e-05 -0.08 3.04
6.494e-05 -0.12 3.08
6.496e-05 -0.12 3.12
6.498e-05 -0.12 3.2
6.5e-05 -0.08 3.28
6.502e-05 -0.12 3.32
6.504e-05 -0.12 3.36
6.506e-05 -0.08 3.44
6.508e-05 -0.08 3.52
6.51e-05 -0.12 3.56
6.512e-05 -0.08 3.6
6.514e-05 -0.12 3.64
6.516e-05 -0.12 3.68
6.518e-05 -0.12 3.76
6.52e-05 -0.12 3.76
6.522e-05 -0.12 3.84
6.524e-05 -0.08 3.84
6.526e-05 -0.08 3.92
6.528e-05 -0.12 3.96
6.53e-05 -0.12 4
6.532e-05 -0.12 4
6.534e-05 -0.08 4.04
6.536e-05 -0.12 4.08
6.538e-05 -0.12 4.08
6.54e-05 -0.12 4.16
6.542e-05 -0.08 4.2
6.544e-05 -0.08 4.2
6.546e-05 -0.08 4.24
6.548e-05 -0.12 4.24
6.55e-05 -0.08 4.28
6.552e-05 -0.08 4.32
6.554e-05 -0.12 4.36
6.556e-05 -0.12 4.36
6.558e-05 -0.12 4.36
6.56e-05 -0.12 4.4
6.562e-05 -0.08 4.44
6.564e-05 -0.12 4.44
6.566e-05 -0.12 4.48
6.568e-05 -0.12 4.48
6.57e-05 -0.12 4.52
6.572e-05 -0.08 4.52
6.574e-05 -0.12 4.56
6.576e-05 -0.12 4.56
6.578e-05 -0.12 4.6
6.58e-05 -0.08 4.56
6.582e-05 -0.12 4.56
6.584e-05 -0.12 4.6
6.586e-05 -0.12 4.64
6.588e-05 -0.08 4.64
6.59e-05 -0.08 4.68
6.592e-05 -0.12 4.68
6.594e-05 -0.08 4.72
6.596e-05 -0.08 4.68
6.598e-05 -0.12 4.68
6.6e-05 -0.08 4.72
6.602e-05 -0.12 4.72
6.604e-05 -0.12 4.76
6.606e-05 -0.12 4.72
6.608e-05 -0.12 4.8
6.61e-05 -0.12 4.76
6.612e-05 -0.08 4.8
6.614e-05 -0.12 4.8
6.616e-05 -0.08 4.8
6.618e-05 -0.08 4.8
6.62e-05 -0.12 4.84
6.622e-05 -0.12 4.84
6.624e-05 -0.12 4.8
6.626e-05 -0.12 4.84
6.628e-05 -0.12 4.88
6.63e-05 -0.12 4.84
6.632e-05 -0.08 4.84
6.634e-05 -0.12 4.84
6.636e-05 -0.12 4.84
6.638e-05 -0.08 4.88
6.64e-05 -0.12 4.88
6.642e-05 -0.12 4.88
6.644e-05 -0.12 4.88
6.646e-05 -0.12 4.88
6.648e-05 -0.08 4.88
6.65e-05 -0.12 4.88
6.652e-05 -0.12 4.88
6.654e-05 -0.12 4.88
6.656e-05 -0.12 4.92
6.658e-05 -0.12 4.92
6.66e-05 -0.12 4.96
6.662e-05 -0.08 4.96
6.664e-05 -0.12 4.96
6.666e-05 -0.08 4.96
6.668e-05 -0.12 4.96
6.67e-05 -0.12 4.92
6.672e-05 -0.12 4.96
6.674e-05 -0.12 4.92
6.676e-05 -0.12 5
6.678e-05 -0.08 4.96
6.68e-05 -0.12 4.96
6.682e-05 -0.12 5
6.684e-05 -0.08 4.96
6.686e-05 -0.12 5
6.688e-05 -0.08 5
6.69e-05 -0.08 4.96
6.692e-05 -0.12 5
6.694e-05 -0.08 5
6.696e-05 -0.08 5
6.698e-05 -0.12 5
6.7e-05 -0.12 5
6.702e-05 -0.08 5.04
6.704e-05 -0.16 5
6.706e-05 -0.12 5
6.708e-05 -0.12 5
6.71e-05 -0.12 5
6.712e-05 -0.08 5
6.714e-05 -0.12 5.04
6.716e-05 -0.12 5.04
6.718e-05 -0.12 5.04
6.72e-05 -0.12 5
6.722e-05 -0.12 5.04
6.724e-05 -0.12 5.04
6.726e-05 -0.12 5.04
6.728e-05 -0.12 5.04
6.73e-05 -0.12 5.04
6.732e-05 -0.12 5.04
6.734e-05 -0.12 5.04
6.736e-05 -0.12 5.04
6.738e-05 -0.12 5.04
6.74e-05 -0.12 5.04
6.742e-05 -0.12 5.04
6.744e-05 -0.12 5.04
6.746e-05 -0.12 5.04
6.748e-05 -0.12 5.04
6.75e-05 -0.12 5.04
6.752e-05 -0.12 5.04
6.754e-05 -0.08 5.04
6.756e-05 -0.12 5.04
6.758e-05 -0.12 5.04
6.76e-05 -0.08 5.04
6.762e-05 -0.12 5.08
6.764e-05 -0.12 5.04
6.766e-05 -0.08 5.08
6.768e-05 -0.08 5.04
6.77e-05 -0.12 5.04
6.772e-05 -0.12 5.04
6.774e-05 -0.12 5.04
6.776e-05 -0.12 5.04
6.778e-05 -0.08 5.04
6.78e-05 -0.12 5.04
6.782e-05 -0.08 5.08
6.784e-05 -0.08 5.04
6.786e-05 -0.12 5.04
6.788e-05 -0.12 5.04
6.79e-05 -0.12 5.04
6.792e-05 -0.08 5.04
6.794e-05 -0.08 5.04
6.796e-05 -0.16 5.08
6.798e-05 -0.12 5.04
6.8e-05 -0.08 5.12
6.802e-05 -0.12 5.04
6.804e-05 -0.12 5.08
6.806e-05 -0.08 5.04
6.808e-05 -0.08 5.08
6.81e-05 -0.12 5
6.812e-05 -0.12 5.08
6.814e-05 -0.12 5.08
6.816e-05 -0.12 5.04
6.818e-05 -0.08 5.08
6.82e-05 -0.12 5.04
6.822e-05 -0.12 5.04
6.824e-05 -0.12 5.04
6.826e-05 -0.08 5.04
6.828e-05 -0.08 5.08
6.83e-05 -0.12 5.08
6.832e-05 -0.08 5.08
6.834e-05 -0.12 5.08
6.836e-05 -0.12 5.08
6.838e-05 -0.12 5.04
6.84e-05 -0.12 5.04
6.842e-05 -0.08 5.04
6.844e-05 -0.12 5.08
6.846e-05 -0.12 5.08
6.848e-05 -0.12 5.04
6.85e-05 -0.08 5.08
6.852e-05 -0.12 5.08
6.854e-05 -0.12 5.04
6.856e-05 -0.08 5.04
6.858e-05 -0.08 5.04
6.86e-05 -0.12 5.08
6.862e-05 -0.08 5.08
6.864e-05 -0.12 5.08
6.866e-05 -0.12 5.08
6.868e-05 -0.08 5.08
6.87e-05 -0.12 5.04
6.872e-05 -0.12 5.08
6.874e-05 -0.12 5.04
6.876e-05 -0.12 5.08
6.878e-05 -0.08 5.08
6.88e-05 -0.08 5.08
6.882e-05 -0.08 5.08
6.884e-05 -0.12 5.08
6.886e-05 -0.12 5.08
6.888e-05 -0.08 5.04
6.89e-05 -0.08 5.08
6.892e-05 -0.12 5.08
6.894e-05 -0.12 5.08
6.896e-05 -0.12 5.08
6.898e-05 -0.08 5.08
6.9e-05 -0.12 5.08
6.902e-05 -0.12 5.12
6.904e-05 -0.08 5.08
6.906e-05 -0.08 5.08
6.908e-05 -0.12 5.04
6.91e-05 -0.08 5.04
6.912e-05 -0.12 5.04
6.914e-05 -0.12 5.08
6.916e-05 -0.08 5.08
6.918e-05 -0.08 5.12
6.92e-05 -0.12 5.08
6.922e-05 -0.12 5.08
6.924e-05 -0.08 5.04
6.926e-05 -0.08 5.08
6.928e-05 -0.08 5.12
6.93e-05 -0.08 5.12
6.932e-05 -0.12 5.08
6.934e-05 -0.08 5.08
6.936e-05 -0.12 5.12
6.938e-05 -0.12 5.08
6.94e-05 -0.12 5.04
6.942e-05 -0.16 5.04
6.944e-05 -0.08 5.08
6.946e-05 -0.08 5
6.948e-05 -0.08 4.6
6.95e-05 -0.12 3.88
6.952e-05 -0.12 3.12
6.954e-05 -0.12 2.32
6.956e-05 -0.12 1.68
6.958e-05 -0.12 1.12
6.96e-05 -0.12 0.6
6.962e-05 -0.16 0.28
6.964e-05 -0.12 0.24
6.966e-05 -0.08 0.32
6.968e-05 -0.12 0.32
6.97e-05 -0.08 0.32
6.972e-05 -0.08 0.24
6.974e-05 -0.08 0.28
6.976e-05 -0.08 0.28
6.978e-05 -0.08 0.28
6.98e-05 -0.08 0.28
6.982e-05 0.04 0.28
6.984e-05 0.2 0.28
6.986e-05 0.36 0.32
6.988e-05 0.52 0.32
6.99e-05 0.68 0.28
6.992e-05 0.84 0.32
6.994e-05 0.96 0.24
6.996e-05 1.08 0.24
6.998e-05 1.24 0.24
7e-05 1.32 0.28
7.002e-05 1.44 0.28
7.004e-05 1.56 0.32
7.006e-05 1.72 0.28
7.008e-05 1.8 0.24
7.01e-05 1.88 0.24
7.012e-05 2 0.28
7.014e-05 2.08 0.24
7.016e-05 2.2 0.28
7.018e-05 2.28 0.28
7.02e-05 2.36 0.28
7.022e-05 2.44 0.24
7.024e-05 2.52 0.24
7.026e-05 2.6 0.28
7.028e-05 2.68 0.24
7.03e-05 2.76 0.28
7.032e-05 2.84 0.24
7.034e-05 2.88 0.28
7.036e-05 2.96 0.28
7.038e-05 3 0.28
7.04e-05 3.04 0.24
7.042e-05 3.16 0.24
7.044e-05 3.2 0.24
7.046e-05 3.24 0.28
7.048e-05 3.28 0.28
7.05e-05 3.32 0.24
7.052e-05 3.4 0.24
7.054e-05 3.44 0.24
7.056e-05 3.48 0.28
7.058e-05 3.52 0.24
7.06e-05 3.56 0.24
7.062e-05 3.64 0.24
7.064e-05 3.64 0.24
7.066e-05 3.68 0.24
7.068e-05 3.72 0.24
7.07e-05 3.76 0.28
7.072e-05 3.8 0.28
7.074e-05 3.84 0.24
7.076e-05 3.84 0.28
7.078e-05 3.88 0.24
7.08e-05 3.88 0.24
7.082e-05 3.96 0.24
7.084e-05 3.96 0.24
7.086e-05 4 0.28
7.088e-05 4 0.24
7.09e-05 4.04 0.28
7.092e-05 4.08 0.24
7.094e-05 4.12 0.28
7.096e-05 4.12 0.24
7.098e-05 4.12 0.24
7.1e-05 4.16 0.24
7.102e-05 4.16 0.24
7.104e-05 4.2 0.24
7.106e-05 4.2 0.24
7.108e-05 4.24 0.24
7.11e-05 4.28 0.24
7.112e-05 4.28 0.28
7.114e-05 4.32 0.32
7.116e-05 4.32 0.28
7.118e-05 4.32 0.28
7.12e-05 4.32 0.24
7.122e-05 4.36 0.24
7.124e-05 4.32 0.28
7.126e-05 4.36 0.24
7.128e-05 4.4 0.24
7.13e-05 4.4 0.24
7.132e-05 4.4 0.24
7.134e-05 4.44 0.24
7.136e-05 4.44 0.24
7.138e-05 4.44 0.28
7.14e-05 4.48 0.28
7.142e-05 4.48 0.24
7.144e-05 4.48 0.24
7.146e-05 4.52 0.24
7.148e-05 4.48 0.24
7.15e-05 4.48 0.2
7.152e-05 4.52 0.24
7.154e-05 4.52 0.24
7.156e-05 4.52 0.24
7.158e-05 4.52 0.28
7.16e-05 4.56 0.24
7.162e-05 4.56 0.24
7.164e-05 4.56 0.24
7.166e-05 4.56 0.24
7.168e-05 4.56 0.24
7.17e-05 4.6 0.24
7.172e-05 4.6 0.24
7.174e-05 4.56 0.24
7.176e-05 4.6 0.24
7.178e-05 4.6 0.24
7.18e-05 4.6 0.24
7.182e-05 4.6 0.24
7.184e-05 4.6 0.24
7.186e-05 4.6 0.24
7.188e-05 4.64 0.24
7.19e-05 4.64 0.24
7.192e-05 4.64 0.24
7.194e-05 4.6 0.24
7.196e-05 4.64 0.24
7.198e-05 4.64 0.24
7.2e-05 4.64 0.24
7.202e-05 4.64 0.24
7.204e-05 4.64 0.24
7.206e-05 4.68 0.24
7.208e-05 4.68 0.28
7.21e-05 4.68 0.24
7.212e-05 4.64 0.24
7.214e-05 4.68 0.24
7.216e-05 4.68 0.24
7.218e-05 4.68 0.2
7.22e-05 4.72 0.24
7.222e-05 4.68 0.24
7.224e-05 4.68 0.28
7.226e-05 4.68 0.24
7.228e-05 4.68 0.24
7.23e-05 4.72 0.24
7.232e-05 4.68 0.24
7.234e-05 4.72 0.24
7.236e-05 4.68 0.24
7.238e-05 4.72 0.24
7.24e-05 4.72 0.24
7.242e-05 4.68 0.24
7.244e-05 4.72 0.24
7.246e-05 4.72 0.24
7.248e-05 4.68 0.24
7.25e-05 4.72 0.24
7.252e-05 4.72 0.24
7.254e-05 4.72 0.24
7.256e-05 4.72 0.24
7.258e-05 4.76 0.24
7.26e-05 4.72 0.24
7.262e-05 4.72 0.24
7.264e-05 4.72 0.24
7.266e-05 4.72 0.24
7.268e-05 4.72 0.24
7.27e-05 4.72 0.24
7.272e-05 4.72 0.24
7.274e-05 4.76 0.24
7.276e-05 4.76 0.24
7.278e-05 4.76 0.24
7.28e-05 4.76 0.24
7.282e-05 4.72 0.24
7.284e-05 4.76 0.24
7.286e-05 4.72 0.24
7.288e-05 4.72 0.24
7.29e-05 4.76 0.24
7.292e-05 4.76 0.24
7.294e-05 4.76 0.24
7.296e-05 4.76 0.24
7.298e-05 4.76 0.24
7.3e-05 4.76 0.2
7.302e-05 4.76 0.24
7.304e-05 4.72 0.24
7.306e-05 4.76 0.24
7.308e-05 4.76 0.24
7.31e-05 4.76 0.24
7.312e-05 4.76 0.24
7.314e-05 4.76 0.24
7.316e-05 4.76 0.24
7.318e-05 4.76 0.24
7.32e-05 4.76 0.24
7.322e-05 4.72 0.24
7.324e-05 4.76 0.24
7.326e-05 4.76 0.24
7.328e-05 4.76 0.24
7.33e-05 4.76 0.24
7.332e-05 4.76 0.24
7.334e-05 4.76 0.24
7.336e-05 4.76 0.24
7.338e-05 4.76 0.2
7.34e-05 4.76 0.24
7.342e-05 4.76 0.24
7.344e-05 4.76 0.28
7.346e-05 4.76 0.24
7.348e-05 4.76 0.24
7.35e-05 4.76 0.24
7.352e-05 4.76 0.24
7.354e-05 4.76 0.24
7.356e-05 4.8 0.24
7.358e-05 4.76 0.24
7.36e-05 4.8 0.24
7.362e-05 4.76 0.24
7.364e-05 4.76 0.24
7.366e-05 4.76 0.28
7.368e-05 4.8 0.24
7.37e-05 4.76 0.24
7.372e-05 4.76 0.2
7.374e-05 4.76 0.24
7.376e-05 4.76 0.24
7.378e-05 4.76 0.24
7.38e-05 4.76 0.24
7.382e-05 4.76 0.24
7.384e-05 4.76 0.24
7.386e-05 4.76 0.24
7.388e-05 4.76 0.24
7.39e-05 4.76 0.24
7.392e-05 4.8 0.24
7.394e-05 4.76 0.24
7.396e-05 4.76 0.28
7.398e-05 4.76 0.24
7.4e-05 4.76 0.24
7.402e-05 4.76 0.24
7.404e-05 4.8 0.24
7.406e-05 4.76 0.24
7.408e-05 4.8 0.2
7.41e-05 4.76 0.24
7.412e-05 4.76 0.24
7.414e-05 4.8 0.24
7.416e-05 4.76 0.24
7.418e-05 4.8 0.24
7.42e-05 4.76 0.2
7.422e-05 4.76 0.24
7.424e-05 4.76 0.24
7.426e-05 4.76 0.24
7.428e-05 4.76 0.24
7.43e-05 4.8 0.24
7.432e-05 4.8 0.24
7.434e-05 4.8 0.24
7.436e-05 4.8 0.2
7.438e-05 4.76 0.24
7.44e-05 4.8 0.2
7.442e-05 4.8 0.24
7.444e-05 4.76 0.24
7.446e-05 4.8 0.4
7.448e-05 4.84 0.64
7.45e-05 4.8 0.72
7.452e-05 4.84 0.88
7.454e-05 4.88 1
7.456e-05 4.88 1.16
7.458e-05 4.92 1.28
7.46e-05 4.88 1.44
7.462e-05 4.88 1.56
7.464e-05 4.92 1.72
7.466e-05 4.88 1.8
7.468e-05 4.92 1.88
7.47e-05 4.92 2
7.472e-05 4.92 2.12
7.474e-05 4.92 2.16
7.476e-05 4.92 2.28
7.478e-05 4.92 2.4
7.48e-05 4.92 2.48
7.482e-05 4.92 2.56
7.484e-05 4.92 2.64
7.486e-05 4.96 2.72
7.488e-05 4.92 2.8
7.49e-05 4.96 2.88
7.492e-05 4.96 2.96
7.494e-05 4.96 3.04
7.496e-05 4.96 3.12
7.498e-05 4.92 3.2
7.5e-05 4.92 3.24
7.502e-05 4.92 3.28
7.504e-05 4.92 3.32
7.506e-05 4.96 3.4
7.508e-05 4.92 3.44
7.51e-05 4.96 3.52
7.512e-05 4.92 3.56
7.514e-05 4.92 3.64
7.516e-05 4.92 3.68
7.518e-05 4.92 3.72
7.52e-05 4.96 3.76
7.522e-05 4.96 3.8
7.524e-05 4.96 3.84
7.526e-05 4.92 3.88
7.528e-05 4.92 3.92
7.53e-05 4.96 3.96
7.532e-05 4.92 4
7.534e-05 4.92 4
7.536e-05 4.92 4.08
7.538e-05 4.92 4.08
7.54e-05 4.92 4.12
7.542e-05 4.92 4.16
7.544e-05 4.92 4.2
7.546e-05 4.92 4.2
7.548e-05 4.92 4.24
7.55e-05 4.92 4.28
7.552e-05 4.92 4.32
7.554e-05 4.92 4.32
7.556e-05 4.88 4.36
7.558e-05 4.92 4.36
7.56e-05 4.92 4.4
7.562e-05 4.92 4.4
7.564e-05 4.92 4.44
7.566e-05 4.92 4.48
7.568e-05 4.92 4.48
7.57e-05 4.92 4.52
7.572e-05 4.92 4.52
7.574e-05 4.92 4.52
7.576e-05 4.88 4.52
7.578e-05 4.88 4.56
7.58e-05 4.88 4.56
7.582e-05 4.88 4.56
7.584e-05 4.88 4.6
7.586e-05 4.88 4.64
7.588e-05 4.92 4.64
7.59e-05 4.88 4.64
7.592e-05 4.88 4.64
7.594e-05 4.88 4.64
7.596e-05 4.88 4.68
7.598e-05 4.84 4.72
7.6e-05 4.88 4.72
7.602e-05 4.88 4.72
7.604e-05 4.84 4.72
7.606e-05 4.88 4.72
7.608e-05 4.88 4.72
7.61e-05 4.84 4.76
7.612e-05 4.84 4.76
7.614e-05 4.84 4.76
7.616e-05 4.84 4.8
7.618e-05 4.84 4.8
7.62e-05 4.88 4.8
7.622e-05 4.88 4.8
7.624e-05 4.84 4.8
7.626e-05 4.84 4.84
7.628e-05 4.84 4.84
7.63e-05 4.84 4.84
7.632e-05 4.84 4.84
7.634e-05 4.84 4.88
7.636e-05 4.84 4.88
7.638e-05 4.84 4.84
7.64e-05 4.84 4.84
7.642e-05 4.84 4.88
7.644e-05 4.84 4.88
7.646e-05 4.84 4.88
7.648e-05 4.8 4.88
7.65e-05 4.84 4.88
7.652e-05 4.84 4.88
7.654e-05 4.84 4.92
7.656e-05 4.84 4.92
7.658e-05 4.84 4.92
7.66e-05 4.84 4.92
7.662e-05 4.84 4.92
7.664e-05 4.84 4.96
7.666e-05 4.84 4.96
7.668e-05 4.84 4.96
7.67e-05 4.8 4.96
7.672e-05 4.8 4.96
7.674e-05 4.84 4.96
7.676e-05 4.84 4.96
7.678e-05 4.84 4.96
7.68e-05 4.84 4.96
7.682e-05 4.84 4.96
7.684e-05 4.84 5
7.686e-05 4.84 5
7.688e-05 4.8 5
7.69e-05 4.84 5
7.692e-05 4.8 5
7.694e-05 4.8 5
7.696e-05 4.8 5
7.698e-05 4.8 5
7.7e-05 4.8 5
7.702e-05 4.84 5
7.704e-05 4.76 5.04
7.706e-05 4.8 5
7.708e-05 4.84 5
7.71e-05 4.8 4.96
7.712e-05 4.8 5
7.714e-05 4.8 5.04
7.716e-05 4.8 5.04
7.718e-05 4.84 5
7.72e-05 4.84 5
7.722e-05 4.8 5.04
7.724e-05 4.8 5.04
7.726e-05 4.8 5
7.728e-05 4.8 5.04
7.73e-05 4.8 5
7.732e-05 4.8 5.04
7.734e-05 4.8 5.04
7.736e-05 4.8 5.04
7.738e-05 4.8 5.04
7.74e-05 4.8 5.04
7.742e-05 4.8 5.04
7.744e-05 4.8 5.04
7.746e-05 4.84 5.04
7.748e-05 4.8 5.04
7.75e-05 4.8 5.04
7.752e-05 4.8 5.04
7.754e-05 4.8 5.04
7.756e-05 4.8 5.04
7.758e-05 4.8 5.04
7.76e-05 4.8 5.04
7.762e-05 4.8 5.04
7.764e-05 4.8 5.04
7.766e-05 4.8 5.04
7.768e-05 4.8 5.04
7.77e-05 4.8 5.04
7.772e-05 4.76 5.04
7.774e-05 4.84 5.08
7.776e-05 4.8 5.04
7.778e-05 4.8 5.04
7.78e-05 4.8 5.08
7.782e-05 4.8 5.04
7.784e-05 4.8 5.04
7.786e-05 4.8 5.04
7.788e-05 4.8 5.04
7.79e-05 4.8 5.08
7.792e-05 4.8 5.08
7.794e-05 4.8 5.08
7.796e-05 4.8 5.04
7.798e-05 4.8 5.04
7.8e-05 4.8 5.08
7.802e-05 4.8 5.04
7.804e-05 4.76 5.04
7.806e-05 4.8 5.04
7.808e-05 4.8 5.08
7.81e-05 4.76 5.08
7.812e-05 4.8 5.04
7.814e-05 4.8 5.04
7.816e-05 4.8 5.04
7.818e-05 4.84 5.04
7.82e-05 4.76 5.08
7.822e-05 4.76 5.04
7.824e-05 4.8 5.08
7.826e-05 4.8 5.08
7.828e-05 4.8 5.04
7.83e-05 4.8 5.08
7.832e-05 4.8 5.04
7.834e-05 4.8 5.04
7.836e-05 4.8 5.04
7.838e-05 4.76 5.08
7.84e-05 4.8 5.08
7.842e-05 4.76 5.08
7.844e-05 4.8 5.04
7.846e-05 4.84 5.04
7.848e-05 4.8 5.04
7.85e-05 4.8 5.08
7.852e-05 4.76 5.08
7.854e-05 4.8 5.08
7.856e-05 4.8 5.08
7.858e-05 4.8 5.08
7.86e-05 4.8 5.08
7.862e-05 4.8 5.04
7.864e-05 4.76 5.04
7.866e-05 4.8 5.04
7.868e-05 4.8 5.08
7.87e-05 4.8 5.04
7.872e-05 4.8 5.08
7.874e-05 4.8 5.04
7.876e-05 4.8 5.12
7.878e-05 4.8 5.08
7.88e-05 4.8 5.04
7.882e-05 4.8 5.08
7.884e-05 4.8 5.08
7.886e-05 4.8 5.08
7.888e-05 4.8 5.08
7.89e-05 4.8 5.08
7.892e-05 4.8 5.08
7.894e-05 4.76 5.08
7.896e-05 4.8 5.08
7.898e-05 4.8 5.04
7.9e-05 4.8 5.08
7.902e-05 4.76 5.08
7.904e-05 4.8 5.04
7.906e-05 4.8 5.08
7.908e-05 4.76 5.08
7.91e-05 4.76 5.08
7.912e-05 4.8 5.08
7.914e-05 4.76 5.04
7.916e-05 4.8 5.08
7.918e-05 4.8 5.08
7.92e-05 4.8 5.12
7.922e-05 4.8 5.04
7.924e-05 4.8 5.04
7.926e-05 4.76 5.12
7.928e-05 4.8 5.08
7.93e-05 4.8 5.08
7.932e-05 4.8 5.08
7.934e-05 4.8 5.04
7.936e-05 4.8 5.12
7.938e-05 4.8 5.04
7.94e-05 4.8 5.12
7.942e-05 4.8 5.08
7.944e-05 4.8 5.08
7.946e-05 4.8 5.08
7.948e-05 4.76 4.92
7.95e-05 4.72 4.32
7.952e-05 4.64 3.56
7.954e-05 4.6 2.8
7.956e-05 4.56 2.12
7.958e-05 4.48 1.48
7.96e-05 4.44 0.88
7.962e-05 4.44 0.4
7.964e-05 4.44 0.28
7.966e-05 4.44 0.28
7.968e-05 4.48 0.32
7.97e-05 4.48 0.32
7.972e-05 4.48 0.28
7.974e-05 4.52 0.28
7.976e-05 4.48 0.28
7.978e-05 4.52 0.28
7.98e-05 4.52 0.24
7.982e-05 4.56 0.28
7.984e-05 4.56 0.28
7.986e-05 4.56 0.28
7.988e-05 4.52 0.28
7.99e-05 4.2 0.28
7.992e-05 3.64 0.28
7.994e-05 2.84 0.24
7.996e-05 2.04 0.24
7.998e-05 1.16 0.24
