0 -0.24 0
2e-06 -0.24 0
4e-06 -0.16 0
6e-06 -0.16 0
8e-06 -0.16 0
1e-05 -0.16 0
1.2e-05 -0.24 0
1.4e-05 -0.24 0
1.6e-05 -0.16 0
1.8e-05 -0.16 0
2e-05 -0.24 0
2.2e-05 -0.16 0
2.4e-05 -0.16 0
2.6e-05 -0.16 0
2.8e-05 -0.24 0
3e-05 -0.16 0
3.2e-05 -0.24 0
3.4e-05 -0.16 0
3.6e-05 -0.16 0
3.8e-05 -0.24 0
4e-05 -0.16 0
4.2e-05 -0.16 0
4.4e-05 -0.16 0
4.6e-05 -0.16 0
4.8e-05 -0.16 0
5e-05 -0.16 0
5.2e-05 -0.16 0
5.4e-05 -0.16 0
5.6e-05 -0.16 0
5.8e-05 -0.24 0
6e-05 -0.16 0
6.2e-05 -0.16 0
6.4e-05 -0.24 0
6.6e-05 -0.24 0
6.8e-05 -0.16 0
7e-05 -0.16 0
7.2e-05 -0.16 0
7.4e-05 -0.24 0
7.6e-05 -0.24 0
7.8e-05 -0.24 0
8e-05 -0.16 0
8.2e-05 -0.24 0
8.4e-05 -0.16 0
8.6e-05 -0.16 0
8.8e-05 -0.16 0
9e-05 -0.24 0
9.2e-05 -0.16 0
9.4e-05 -0.16 0
9.6e-05 -0.16 0
9.8e-05 -0.16 0
0.0001 -0.16 0
0.000102 -0.16 0
0.000104 -0.24 0
0.000106 -0.16 0
0.000108 -0.16 0
0.00011 -0.16 0
0.000112 0 0
0.000114 -0.16 0
0.000116 -0.16 0
0.000118 -0.16 0
0.00012 -0.16 0
0.000122 -0.16 0
0.000124 -0.16 0
0.000126 -0.24 0
0.000128 -0.16 0
0.00013 -0.16 0
0.000132 -0.16 0
0.000134 -0.16 0
0.000136 -0.24 0
0.000138 -0.16 0
0.00014 -0.24 0
0.000142 -0.16 0
0.000144 -0.16 0
0.000146 -0.16 0
0.000148 -0.16 0
0.00015 -0.16 0
0.000152 -0.24 0
0.000154 -0.16 0
0.000156 -0.16 0
0.000158 -0.16 0
0.00016 -0.16 0
0.000162 -0.16 0
0.000164 -0.16 0
0.000166 -0.16 0
0.000168 -0.16 0
0.00017 -0.16 0
0.000172 -0.16 0
0.000174 -0.16 0
0.000176 -0.24 0
0.000178 -0.16 0
0.00018 -0.16 0
0.000182 -0.16 0
0.000184 -0.16 0
0.000186 -0.16 0
0.000188 -0.24 0
0.00019 -0.16 0
0.000192 -0.16 0
0.000194 -0.16 0
0.000196 -0.16 0
0.000198 -0.24 0
0.0002 -0.16 0
0.000202 -0.24 0
0.000204 -0.24 0
0.000206 -0.16 0
0.000208 -0.16 0
0.00021 -0.24 0
0.000212 -0.16 0
0.000214 -0.16 0
0.000216 -0.16 0
0.000218 -0.24 0
0.00022 -0.16 0
0.000222 -0.24 0
0.000224 -0.16 0
0.000226 -0.24 0
0.000228 -0.16 0
0.00023 -0.16 0
0.000232 -0.16 0
0.000234 -0.16 0
0.000236 -0.16 0
0.000238 -0.16 0
0.00024 -0.16 0
0.000242 -0.16 0
0.000244 -0.24 0
0.000246 -0.16 0
0.000248 -0.16 0
0.00025 -0.24 0
0.000252 -0.24 0
0.000254 -0.16 0
0.000256 -0.16 0
0.000258 -0.16 0
0.00026 -0.16 0
0.000262 -0.16 0
0.000264 -0.24 0
0.000266 -0.16 0
0.000268 -0.16 0
0.00027 -0.24 0
0.000272 -0.16 0
0.000274 -0.16 0
0.000276 -0.16 0
0.000278 -0.16 0
0.00028 -0.24 0
0.000282 -0.16 0
0.000284 -0.16 0
0.000286 -0.16 0
0.000288 -0.16 0
0.00029 -0.16 0
0.000292 -0.16 0
0.000294 -0.24 0
0.000296 -0.16 0
0.000298 -0.16 0
0.0003 -0.16 0
0.000302 -0.16 0
0.000304 -0.16 0
0.000306 -0.24 0
0.000308 -0.16 0
0.00031 -0.16 0
0.000312 -0.16 0
0.000314 -0.16 0
0.000316 -0.16 0
0.000318 -0.16 0
0.00032 -0.16 0
0.000322 -0.16 0
0.000324 -0.16 0
0.000326 -0.16 0
0.000328 -0.16 0
0.00033 -0.16 0
0.000332 -0.24 0
0.000334 -0.24 0
0.000336 -0.16 0
0.000338 -0.16 0
0.00034 -0.16 0
0.000342 -0.24 0
0.000344 -0.16 0
0.000346 -0.24 0
0.000348 -0.16 0
0.00035 -0.16 0
0.000352 -0.16 0
0.000354 -0.16 0
0.000356 -0.16 0
0.000358 -0.16 0
0.00036 -0.16 0
0.000362 -0.16 0
0.000364 -0.16 0
0.000366 -0.16 0
0.000368 -0.16 0
0.00037 -0.16 0
0.000372 -0.16 0
0.000374 -0.16 0
0.000376 -0.16 0
0.000378 -0.16 0
0.00038 -0.16 0
0.000382 -0.16 0
0.000384 -0.16 0
0.000386 -0.16 0
0.000388 -0.16 0
0.00039 -0.16 0
0.000392 -0.16 0
0.000394 -0.16 0
0.000396 -0.16 0
0.000398 -0.16 0
0.0004 -0.16 0
0.000402 -0.16 0
0.000404 -0.16 0
0.000406 -0.24 0
0.000408 -0.24 0
0.00041 -0.24 0
0.000412 -0.16 0
0.000414 -0.24 0
0.000416 -0.16 0
0.000418 -0.16 0
0.00042 -0.16 0
0.000422 -0.16 0
0.000424 -0.16 0
0.000426 -0.16 0
0.000428 -0.16 0
0.00043 -0.16 0
0.000432 -0.24 0
0.000434 -0.16 0
0.000436 -0.24 0
0.000438 -0.24 0
0.00044 -0.16 0
0.000442 -0.16 0
0.000444 -0.16 0
0.000446 -0.24 0
0.000448 -0.16 0
0.00045 -0.16 0
0.000452 -0.16 0
0.000454 -0.16 0
0.000456 -0.16 0
0.000458 -0.16 0
0.00046 -0.16 0
0.000462 -0.16 0
0.000464 -0.16 0
0.000466 -0.16 0
0.000468 -0.16 0
0.00047 -0.16 0
0.000472 -0.24 0
0.000474 0 0
0.000476 -0.16 0
0.000478 -0.16 0
0.00048 -0.24 0
0.000482 -0.16 0
0.000484 -0.16 0
0.000486 -0.16 0
0.000488 -0.24 0
0.00049 -0.16 0
0.000492 -0.24 0
0.000494 -0.16 0
0.000496 -0.16 0
0.000498 -0.16 0
0.0005 -0.16 0
0.000502 -0.16 0
0.000504 -0.16 0
0.000506 -0.24 0
0.000508 -0.24 0
0.00051 -0.16 0
0.000512 -0.16 0
0.000514 -0.16 0
0.000516 -0.16 0
0.000518 -0.16 0
0.00052 -0.16 0
0.000522 -0.16 0
0.000524 -0.16 0
0.000526 -0.16 0
0.000528 -0.16 0
0.00053 -0.16 0
0.000532 -0.16 0
0.000534 -0.16 0
0.000536 -0.16 0
0.000538 -0.16 0
0.00054 -0.16 0
0.000542 -0.16 0
0.000544 -0.16 0
0.000546 -0.16 0
0.000548 -0.16 0
0.00055 -0.16 0
0.000552 -0.16 0
0.000554 -0.16 0
0.000556 -0.16 0
0.000558 -0.16 0
0.00056 -0.16 0
0.000562 -0.16 0
0.000564 -0.16 0
0.000566 -0.16 0
0.000568 -0.24 0
0.00057 -0.16 0
0.000572 -0.16 0
0.000574 -0.16 0
0.000576 -0.24 0
0.000578 -0.16 0
0.00058 -0.16 0
0.000582 -0.16 0
0.000584 -0.16 0
0.000586 -0.24 0
0.000588 -0.16 0
0.00059 -0.16 0
0.000592 -0.16 0
0.000594 -0.16 0
0.000596 -0.16 0
0.000598 -0.24 0
0.0006 -0.24 0
0.000602 -0.16 0
0.000604 -0.16 0
0.000606 -0.16 0
0.000608 -0.16 0
0.00061 -0.24 0
0.000612 -0.24 0
0.000614 -0.16 0
0.000616 -0.16 0
0.000618 -0.16 0
0.00062 -0.16 0
0.000622 -0.24 0
0.000624 -0.24 0
0.000626 -0.16 0
0.000628 -0.16 0
0.00063 -0.16 0
0.000632 -0.24 0
0.000634 -0.16 0
0.000636 -0.16 0
0.000638 -0.16 0
0.00064 -0.16 0
0.000642 -0.16 0
0.000644 -0.16 0
0.000646 -0.16 0
0.000648 -0.16 0
0.00065 -0.16 0
0.000652 -0.16 0
0.000654 -0.24 0
0.000656 -0.24 0
0.000658 -0.16 0
0.00066 -0.16 0
0.000662 0 0
0.000664 -0.16 0
0.000666 -0.16 0
0.000668 -0.16 0
0.00067 -0.16 0
0.000672 -0.16 0
0.000674 -0.16 0
0.000676 -0.16 0
0.000678 -0.24 0
0.00068 -0.16 0
0.000682 -0.24 0
0.000684 -0.16 0
0.000686 -0.16 0
0.000688 -0.16 0
0.00069 -0.16 0
0.000692 -0.16 0
0.000694 -0.16 0
0.000696 -0.16 0
0.000698 -0.16 0
0.0007 -0.24 0
0.000702 -0.16 0
0.000704 -0.24 0
0.000706 -0.16 0
0.000708 -0.16 0
0.00071 -0.16 0
0.000712 -0.16 0
0.000714 -0.16 0
0.000716 -0.16 0
0.000718 -0.16 0
0.00072 -0.16 0
0.000722 -0.16 0
0.000724 -0.16 0
0.000726 -0.16 0
0.000728 -0.16 0
0.00073 -0.16 0
0.000732 -0.24 0
0.000734 -0.16 0
0.000736 -0.16 0
0.000738 -0.24 0
0.00074 -0.16 0
0.000742 -0.16 0
0.000744 -0.24 0
0.000746 -0.24 0
0.000748 -0.16 0
0.00075 -0.16 0
0.000752 -0.16 0
0.000754 -0.16 0
0.000756 -0.16 0
0.000758 -0.16 0
0.00076 -0.24 0
0.000762 -0.16 0
0.000764 -0.16 0
0.000766 -0.16 0
0.000768 -0.16 0
0.00077 -0.16 0
0.000772 -0.24 0
0.000774 -0.24 0
0.000776 -0.24 0
0.000778 -0.16 0
0.00078 -0.16 0
0.000782 -0.16 0
0.000784 -0.16 0
0.000786 -0.16 0
0.000788 -0.16 0
0.00079 -0.16 0
0.000792 -0.16 0
0.000794 -0.24 0
0.000796 -0.16 0
0.000798 -0.16 0
0.0008 -0.16 0
0.000802 -0.16 0
0.000804 -0.16 0
0.000806 -0.16 0
0.000808 -0.16 0
0.00081 -0.16 0
0.000812 -0.16 0
0.000814 -0.24 0
0.000816 -0.16 0
0.000818 -0.16 0
0.00082 -0.16 0
0.000822 -0.16 0
0.000824 -0.24 0
0.000826 -0.16 0
0.000828 0 0
0.00083 -0.16 0
0.000832 -0.16 0
0.000834 -0.24 0
0.000836 -0.16 0
0.000838 -0.16 0
0.00084 -0.16 0
0.000842 -0.16 0
0.000844 -0.16 0
0.000846 -0.16 0
0.000848 -0.16 0
0.00085 -0.16 0
0.000852 -0.16 0
0.000854 -0.16 0
0.000856 -0.16 0
0.000858 -0.24 0
0.00086 -0.16 0
0.000862 -0.24 0
0.000864 -0.16 0
0.000866 -0.16 0
0.000868 -0.16 0
0.00087 -0.16 0
0.000872 -0.16 0
0.000874 -0.16 0
0.000876 -0.16 0
0.000878 -0.16 0
0.00088 -0.16 0
0.000882 -0.16 0
0.000884 -0.16 0
0.000886 -0.16 0
0.000888 -0.16 0
0.00089 -0.16 0
0.000892 -0.16 0
0.000894 -0.16 0
0.000896 -0.24 0
0.000898 -0.16 0
0.0009 -0.16 0
0.000902 -0.16 0
0.000904 -0.16 0
0.000906 -0.16 0
0.000908 -0.16 0
0.00091 -0.16 0
0.000912 -0.16 0
0.000914 -0.16 0
0.000916 -0.16 0
0.000918 -0.16 0
0.00092 -0.16 0
0.000922 -0.24 0
0.000924 -0.24 0
0.000926 -0.16 0
0.000928 -0.24 0
0.00093 -0.24 0
0.000932 -0.16 0
0.000934 -0.24 0
0.000936 -0.16 0
0.000938 -0.16 0
0.00094 -0.16 0
0.000942 -0.16 0
0.000944 -0.16 0
0.000946 -0.24 0
0.000948 -0.16 0
0.00095 -0.16 0
0.000952 -0.16 0
0.000954 -0.16 0
0.000956 -0.16 0
0.000958 -0.24 0
0.00096 -0.16 0
0.000962 -0.16 0
0.000964 -0.16 0
0.000966 -0.16 0
0.000968 -0.24 0
0.00097 -0.16 0
0.000972 -0.24 0
0.000974 -0.16 0
0.000976 -0.24 0
0.000978 -0.16 0
0.00098 -0.16 0
0.000982 -0.24 0
0.000984 -0.24 0
0.000986 -0.16 0
0.000988 -0.16 0
0.00099 -0.16 0
0.000992 -0.16 0
0.000994 -0.16 0
0.000996 -0.16 0
0.000998 -0.16 0
0.001 -0.16 0
0.001002 -0.16 0
0.001004 -0.16 0
0.001006 -0.16 0
0.001008 -0.16 0
0.00101 -0.16 0
0.001012 -0.24 0
0.001014 -0.16 0
0.001016 -0.24 0
0.001018 -0.16 0
0.00102 -0.16 0
0.001022 -0.24 0
0.001024 -0.24 0
0.001026 -0.16 0
0.001028 -0.16 0
0.00103 -0.24 0
0.001032 -0.16 0
0.001034 0 0
0.001036 -0.16 0
0.001038 -0.16 0
0.00104 -0.16 0
0.001042 -0.16 0
0.001044 -0.16 0
0.001046 -0.16 0
0.001048 -0.16 0
0.00105 -0.16 0
0.001052 -0.16 0
0.001054 4.64 0
0.001056 4.64 0
0.001058 4.64 0
0.00106 4.64 0
0.001062 4.64 0
0.001064 4.64 0
0.001066 4.72 0
0.001068 4.64 0
0.00107 4.64 0
0.001072 4.64 0
0.001074 4.72 0
0.001076 4.72 0
0.001078 4.72 0
0.00108 4.72 0
0.001082 4.64 0
0.001084 4.64 0
0.001086 4.64 0
0.001088 4.64 0
0.00109 4.64 0
0.001092 4.64 0
0.001094 4.64 0
0.001096 4.72 0
0.001098 4.72 0
0.0011 4.64 0
0.001102 4.72 0
0.001104 4.64 0
0.001106 4.64 0
0.001108 4.72 0
0.00111 4.64 0
0.001112 4.64 0
0.001114 4.72 0
0.001116 4.64 0
0.001118 4.64 0
0.00112 4.64 0
0.001122 4.64 0
0.001124 4.72 0
0.001126 4.72 0
0.001128 4.72 0
0.00113 4.64 0
0.001132 4.64 0
0.001134 4.64 0
0.001136 4.72 0
0.001138 4.64 0
0.00114 4.72 0
0.001142 4.72 0
0.001144 4.64 0
0.001146 4.64 0
0.001148 4.72 0
0.00115 4.64 0
0.001152 4.72 0
0.001154 4.64 0
0.001156 4.64 0
0.001158 4.64 0
0.00116 4.64 0
0.001162 4.72 0
0.001164 4.64 0
0.001166 4.64 0
0.001168 4.64 0
0.00117 4.64 0
0.001172 4.64 0
0.001174 4.64 0
0.001176 4.64 0
0.001178 4.72 0
0.00118 4.64 0
0.001182 4.72 0
0.001184 4.72 0
0.001186 4.64 0
0.001188 4.64 0
0.00119 4.64 0
0.001192 4.64 0
0.001194 4.72 0
0.001196 4.72 0
0.001198 4.72 0
0.0012 4.64 0
0.001202 4.64 0
0.001204 4.64 0
0.001206 4.64 0
0.001208 4.64 0
0.00121 4.64 0
0.001212 4.64 0
0.001214 4.64 0
0.001216 4.72 0
0.001218 4.72 0
0.00122 4.72 0
0.001222 4.72 0
0.001224 4.72 0
0.001226 4.72 0
0.001228 4.64 0
0.00123 4.64 0
0.001232 4.64 0
0.001234 4.72 0
0.001236 4.64 0
0.001238 4.64 0
0.00124 4.72 0
0.001242 4.72 0
0.001244 4.72 0
0.001246 4.64 0
0.001248 4.64 0
0.00125 4.64 0
0.001252 4.64 0
0.001254 4.64 0
0.001256 4.72 0
0.001258 4.72 0
0.00126 4.64 0
0.001262 4.72 0
0.001264 4.64 0
0.001266 4.72 0
0.001268 4.72 0
0.00127 4.72 0
0.001272 4.64 0
0.001274 4.64 0
0.001276 4.64 0
0.001278 4.64 0
0.00128 4.64 0
0.001282 4.64 0
0.001284 4.64 0
0.001286 4.64 0
0.001288 4.64 0
0.00129 4.72 0
0.001292 4.64 0
0.001294 4.64 0
0.001296 4.72 0
0.001298 4.64 0
0.0013 4.64 0
0.001302 4.72 0
0.001304 4.64 0
0.001306 4.72 0
0.001308 4.64 0
0.00131 4.72 0
0.001312 4.64 0
0.001314 4.72 0
0.001316 4.72 0
0.001318 4.72 0
0.00132 4.64 0
0.001322 4.64 0
0.001324 4.64 0
0.001326 4.64 0
0.001328 4.64 0
0.00133 4.64 0
0.001332 4.72 0
0.001334 4.72 0
0.001336 4.72 0
0.001338 4.72 0
0.00134 4.72 0
0.001342 4.64 0
0.001344 4.64 0
0.001346 4.64 0
0.001348 4.64 0
0.00135 4.64 0
0.001352 4.64 0
0.001354 4.72 0
0.001356 4.64 0
0.001358 4.64 0
0.00136 4.72 0
0.001362 4.64 0
0.001364 4.72 0
0.001366 4.72 0
0.001368 4.72 0
0.00137 4.72 0
0.001372 4.64 0
0.001374 4.72 0
0.001376 4.64 0
0.001378 4.64 0
0.00138 4.64 0
0.001382 4.64 0
0.001384 4.64 0
0.001386 4.72 0
0.001388 4.72 0
0.00139 4.64 0
0.001392 4.72 0
0.001394 4.72 0
0.001396 4.64 0
0.001398 4.72 0
0.0014 4.64 0
0.001402 4.64 0
0.001404 4.64 0
0.001406 4.64 0
0.001408 4.64 0
0.00141 4.8 0
0.001412 4.72 0
0.001414 4.72 0
0.001416 4.64 0
0.001418 4.64 0
0.00142 4.64 0
0.001422 4.64 0
0.001424 4.64 0
0.001426 4.72 0
0.001428 4.72 0
0.00143 4.72 0
0.001432 4.72 0
0.001434 4.72 0
0.001436 4.72 0
0.001438 4.72 0
0.00144 4.64 0
0.001442 4.72 0
0.001444 4.64 0
0.001446 4.64 0
0.001448 4.72 0
0.00145 4.72 0
0.001452 4.72 0
0.001454 4.72 0
0.001456 4.72 0
0.001458 4.72 0
0.00146 4.72 0
0.001462 4.72 0
0.001464 4.64 0
0.001466 4.64 0
0.001468 4.64 0
0.00147 4.64 0
0.001472 4.64 0
0.001474 4.64 0
0.001476 4.64 0
0.001478 4.64 0
0.00148 4.64 0
0.001482 4.64 0
0.001484 4.72 0
0.001486 4.72 0
0.001488 4.64 0
0.00149 4.72 0
0.001492 4.64 0
0.001494 4.64 0
0.001496 4.64 0
0.001498 4.64 0
0.0015 4.64 0
0.001502 4.64 0
0.001504 4.72 0
0.001506 4.72 0
0.001508 4.64 0
0.00151 4.72 0
0.001512 4.64 0
0.001514 4.64 0
0.001516 4.72 0
0.001518 4.64 0
0.00152 4.64 0
0.001522 4.72 0
0.001524 4.72 0
0.001526 4.72 0
0.001528 4.72 0
0.00153 4.72 0
0.001532 4.64 0
0.001534 4.72 0
0.001536 4.64 0
0.001538 4.64 0
0.00154 4.64 0
0.001542 4.64 0
0.001544 4.64 0
0.001546 4.72 0
0.001548 4.64 0
0.00155 4.72 0
0.001552 4.72 0
0.001554 4.64 0
0.001556 4.64 0
0.001558 4.72 0
0.00156 4.64 0
0.001562 4.64 0
0.001564 4.64 0
0.001566 4.72 0
0.001568 4.64 0
0.00157 4.64 0
0.001572 4.72 0
0.001574 4.64 0
0.001576 4.72 0
0.001578 4.72 0
0.00158 4.64 0
0.001582 4.64 0
0.001584 4.64 0
0.001586 4.64 0
0.001588 4.72 0
0.00159 4.64 0
0.001592 4.64 0
0.001594 4.64 0
0.001596 4.72 0
0.001598 4.72 0
0.0016 4.72 0
0.001602 4.64 0
0.001604 4.72 0
0.001606 4.64 0
0.001608 4.64 0
0.00161 4.64 0
0.001612 4.64 0
0.001614 4.64 0
0.001616 4.72 0
0.001618 4.64 0
0.00162 4.72 0
0.001622 4.72 0
0.001624 4.72 0
0.001626 4.64 0
0.001628 4.64 0
0.00163 4.64 0
0.001632 4.64 0
0.001634 4.72 0
0.001636 4.64 0
0.001638 4.64 0
0.00164 4.64 0
0.001642 4.72 0
0.001644 4.72 0
0.001646 4.72 0
0.001648 4.64 0
0.00165 4.64 0
0.001652 4.72 0
0.001654 4.64 0
0.001656 4.64 0
0.001658 4.64 0
0.00166 4.64 0
0.001662 4.64 0
0.001664 4.64 0
0.001666 4.64 0
0.001668 4.72 0
0.00167 4.64 0
0.001672 4.64 0
0.001674 4.64 0
0.001676 4.64 0
0.001678 4.64 0
0.00168 4.64 0
0.001682 4.64 0
0.001684 4.64 0
0.001686 4.64 0
0.001688 4.72 0
0.00169 4.72 0
0.001692 4.72 0
0.001694 4.64 0
0.001696 4.72 0
0.001698 4.72 0
0.0017 4.72 0
0.001702 4.64 0
0.001704 4.64 0
0.001706 4.64 0
0.001708 4.64 0
0.00171 4.64 0
0.001712 4.64 0
0.001714 4.64 0
0.001716 4.64 0
0.001718 4.72 0
0.00172 4.64 0
0.001722 4.64 0
0.001724 4.64 0
0.001726 4.72 0
0.001728 4.64 0
0.00173 4.64 0
0.001732 4.72 0
0.001734 4.64 0
0.001736 4.72 0
0.001738 4.64 0
0.00174 4.72 0
0.001742 4.72 0
0.001744 4.72 0
0.001746 4.64 0
0.001748 4.64 0
0.00175 4.64 0
0.001752 4.64 0
0.001754 4.64 0
0.001756 4.64 0
0.001758 4.64 0
0.00176 4.64 0
0.001762 4.72 0
0.001764 4.72 0
0.001766 4.64 0
0.001768 4.64 0
0.00177 4.72 0
0.001772 4.64 0
0.001774 4.64 0
0.001776 4.64 0
0.001778 4.64 0
0.00178 4.64 0
0.001782 4.72 0
0.001784 4.64 0
0.001786 4.64 0
0.001788 4.64 0
0.00179 4.64 0
0.001792 4.64 0
0.001794 4.72 0
0.001796 4.64 0
0.001798 4.64 0
0.0018 4.64 0
0.001802 4.64 0
0.001804 4.64 0
0.001806 4.64 0
0.001808 4.64 0
0.00181 4.64 0
0.001812 4.64 0
0.001814 4.72 0
0.001816 4.72 0
0.001818 4.72 0
0.00182 4.72 0
0.001822 4.64 0
0.001824 4.64 0
0.001826 4.72 0
0.001828 4.64 0
0.00183 4.64 0
0.001832 4.72 0
0.001834 4.72 0
0.001836 4.72 0
0.001838 4.72 0
0.00184 4.64 0
0.001842 4.64 0
0.001844 4.72 0
0.001846 4.64 0
0.001848 4.64 0
0.00185 4.64 0
0.001852 4.64 0
0.001854 4.72 0
0.001856 0 0
0.001858 -0.16 0
0.00186 0 0
0.001862 -0.16 0
0.001864 -0.16 0
0.001866 -0.16 0
0.001868 -0.16 0
0.00187 -0.16 0
0.001872 -0.16 0
0.001874 -0.16 0
0.001876 -0.16 0
0.001878 -0.24 0
0.00188 -0.16 0
0.001882 -0.24 0
0.001884 -0.16 0
0.001886 -0.16 0
0.001888 -0.16 0
0.00189 -0.16 0
0.001892 -0.16 0
0.001894 -0.16 0
0.001896 -0.16 0
0.001898 -0.16 0
0.0019 -0.16 0
0.001902 -0.16 0
0.001904 -0.24 0
0.001906 -0.16 0
0.001908 -0.24 0
0.00191 -0.16 0
0.001912 -0.16 0
0.001914 -0.16 0
0.001916 -0.16 0
0.001918 -0.16 0
0.00192 -0.16 0
0.001922 -0.16 0
0.001924 -0.16 0
0.001926 -0.24 0
0.001928 -0.16 0
0.00193 -0.16 0
0.001932 -0.16 0
0.001934 -0.16 0
0.001936 -0.16 0
0.001938 -0.24 0
0.00194 -0.24 0
0.001942 -0.16 0
0.001944 -0.16 0
0.001946 -0.24 0
0.001948 -0.16 0
0.00195 -0.16 0
0.001952 -0.16 0
0.001954 -0.16 0
0.001956 -0.16 0
0.001958 -0.24 0
0.00196 -0.16 0
0.001962 -0.24 0
0.001964 -0.16 0
0.001966 -0.16 0
0.001968 -0.16 0
0.00197 -0.16 0
0.001972 -0.16 0
0.001974 -0.16 0
0.001976 -0.16 0
0.001978 -0.16 0
0.00198 -0.16 0
0.001982 -0.16 0
0.001984 -0.16 0
0.001986 -0.16 0
0.001988 -0.16 0
0.00199 -0.16 0
0.001992 -0.16 0
0.001994 -0.24 0
0.001996 -0.24 0
0.001998 -0.24 0
0.002 -0.16 0
0.002002 -0.24 0
0.002004 -0.16 0
0.002006 -0.16 0
0.002008 -0.24 0
0.00201 -0.16 0
0.002012 -0.16 0
0.002014 -0.16 0
0.002016 -0.16 0
0.002018 -0.24 0
0.00202 -0.16 0
0.002022 -0.16 0
0.002024 -0.16 0
0.002026 -0.16 0
0.002028 -0.24 0
0.00203 -0.24 0
0.002032 -0.16 0
0.002034 -0.16 0
0.002036 -0.16 0
0.002038 -0.16 0
0.00204 -0.16 0
0.002042 -0.16 0
0.002044 -0.16 0
0.002046 -0.16 0
0.002048 -0.24 0
0.00205 -0.16 0
0.002052 -0.16 0
0.002054 -0.16 0
0.002056 -0.16 0
0.002058 -0.16 0
0.00206 -0.16 0
0.002062 -0.16 0
0.002064 -0.24 0
0.002066 -0.16 0
0.002068 -0.16 0
0.00207 -0.16 0
0.002072 -0.16 0
0.002074 -0.16 0
0.002076 -0.16 0
0.002078 -0.16 0
0.00208 -0.16 0
0.002082 -0.24 0
0.002084 -0.16 0
0.002086 -0.16 0
0.002088 -0.16 0
0.00209 -0.16 0
0.002092 -0.16 0
0.002094 -0.16 0
0.002096 -0.16 0
0.002098 -0.16 0
0.0021 -0.16 0
0.002102 -0.16 0
0.002104 -0.16 0
0.002106 -0.24 0
0.002108 -0.16 0
0.00211 -0.16 0
0.002112 -0.24 0
0.002114 -0.16 0
0.002116 -0.16 0
0.002118 -0.24 0
0.00212 -0.24 0
0.002122 -0.16 0
0.002124 -0.16 0
0.002126 0 0
0.002128 -0.16 0
0.00213 -0.16 0
0.002132 -0.16 0
0.002134 -0.24 0
0.002136 -0.16 0
0.002138 -0.16 0
0.00214 -0.24 0
0.002142 -0.16 0
0.002144 -0.24 0
0.002146 -0.16 0
0.002148 -0.16 0
0.00215 -0.16 0
0.002152 -0.16 0
0.002154 -0.16 0
0.002156 -0.16 0
0.002158 -0.16 0
0.00216 -0.16 0
0.002162 -0.16 0
0.002164 -0.16 0
0.002166 -0.16 0
0.002168 -0.24 0
0.00217 -0.16 0
0.002172 -0.16 0
0.002174 -0.24 0
0.002176 -0.16 0
0.002178 -0.16 0
0.00218 -0.16 0
0.002182 -0.16 0
0.002184 -0.16 0
0.002186 -0.16 0
0.002188 -0.16 0
0.00219 -0.16 0
0.002192 -0.16 0
0.002194 -0.16 0
0.002196 -0.24 0
0.002198 -0.16 0
0.0022 -0.16 0
0.002202 -0.16 0
0.002204 -0.16 0
0.002206 -0.16 0
0.002208 -0.16 0
0.00221 -0.16 0
0.002212 -0.16 0
0.002214 -0.24 0
0.002216 -0.16 0
0.002218 -0.16 0
0.00222 -0.16 0
0.002222 -0.16 0
0.002224 -0.16 0
0.002226 -0.16 0
0.002228 -0.16 0
0.00223 -0.16 0
0.002232 -0.16 0
0.002234 -0.24 0
0.002236 -0.16 0
0.002238 -0.24 0
0.00224 -0.16 0
0.002242 -0.16 0
0.002244 -0.16 0
0.002246 -0.16 0
0.002248 -0.16 0
0.00225 -0.16 0
0.002252 -0.16 0
0.002254 -0.24 0
0.002256 -0.16 0
0.002258 -0.24 0
0.00226 -0.16 0
0.002262 -0.16 0
0.002264 -0.16 0
0.002266 -0.16 0
0.002268 -0.16 0
0.00227 -0.16 0
0.002272 -0.16 0
0.002274 -0.16 0
0.002276 -0.16 0
0.002278 -0.16 0
0.00228 -0.16 0
0.002282 -0.16 0
0.002284 -0.24 0
0.002286 -0.16 0
0.002288 -0.16 0
0.00229 -0.16 0
0.002292 -0.24 0
0.002294 -0.16 0
0.002296 -0.16 0
0.002298 -0.16 0
0.0023 -0.16 0
0.002302 -0.16 0
0.002304 -0.16 0
0.002306 -0.16 0
0.002308 -0.24 0
0.00231 -0.16 0
0.002312 -0.16 0
0.002314 -0.16 0
0.002316 0 0
0.002318 -0.16 0
0.00232 -0.16 0
0.002322 -0.16 0
0.002324 -0.16 0
0.002326 -0.16 0
0.002328 -0.16 0
0.00233 -0.16 0
0.002332 -0.24 0
0.002334 -0.16 0
0.002336 -0.16 0
0.002338 -0.16 0
0.00234 -0.16 0
0.002342 -0.16 0
0.002344 -0.16 0
0.002346 -0.16 0
0.002348 -0.16 0
0.00235 -0.16 0
0.002352 -0.16 0
0.002354 -0.16 0
0.002356 -0.16 0
0.002358 -0.24 0
0.00236 -0.16 0
0.002362 -0.16 0
0.002364 -0.16 0
0.002366 -0.16 0
0.002368 -0.16 0
0.00237 -0.16 0
0.002372 -0.16 0
0.002374 -0.16 0
0.002376 -0.16 0
0.002378 -0.16 0
0.00238 -0.16 0
0.002382 -0.24 0
0.002384 -0.16 0
0.002386 -0.16 0
0.002388 -0.16 0
0.00239 -0.24 0
0.002392 -0.16 0
0.002394 -0.16 0
0.002396 -0.16 0
0.002398 -0.24 0
0.0024 -0.24 0
0.002402 -0.16 0
0.002404 -0.16 0
0.002406 -0.16 0
0.002408 -0.16 0
0.00241 -0.16 0
0.002412 -0.16 0
0.002414 -0.16 0
0.002416 -0.16 0
0.002418 -0.16 0
0.00242 -0.16 0
0.002422 -0.16 0
0.002424 -0.16 0
0.002426 -0.16 0
0.002428 -0.24 0
0.00243 -0.16 0
0.002432 -0.24 0
0.002434 -0.24 0
0.002436 -0.16 0
0.002438 -0.16 0
0.00244 -0.24 0
0.002442 -0.16 0
0.002444 -0.16 0
0.002446 -0.16 0
0.002448 -0.16 0
0.00245 -0.16 0
0.002452 -0.16 0
0.002454 -0.16 0
0.002456 -0.16 0
0.002458 -0.16 0
0.00246 -0.16 0
0.002462 -0.16 0
0.002464 -0.16 0
0.002466 -0.16 0
0.002468 -0.16 0
0.00247 -0.16 0
0.002472 -0.24 0
0.002474 -0.16 0
0.002476 -0.16 0
0.002478 -0.24 0
0.00248 -0.16 0
0.002482 -0.16 0
0.002484 -0.16 0
0.002486 -0.24 0
0.002488 -0.16 0
0.00249 -0.16 0
0.002492 -0.16 0
0.002494 -0.16 0
0.002496 -0.16 0
0.002498 -0.24 0
0.0025 -0.16 0
0.002502 -0.16 0
0.002504 -0.16 0
0.002506 -0.16 0
0.002508 -0.16 0
0.00251 -0.16 0
0.002512 -0.16 0
0.002514 -0.16 0
0.002516 -0.16 0
0.002518 -0.16 0
0.00252 -0.24 0
0.002522 -0.24 0
0.002524 -0.24 0
0.002526 -0.24 0
0.002528 -0.16 0
0.00253 -0.16 0
0.002532 -0.16 0
0.002534 -0.24 0
0.002536 -0.16 0
0.002538 -0.16 0
0.00254 -0.16 0
0.002542 -0.16 0
0.002544 -0.16 0
0.002546 -0.16 0
0.002548 -0.16 0
0.00255 -0.16 0
0.002552 -0.16 0
0.002554 -0.16 0
0.002556 -0.16 0
0.002558 -0.16 0
0.00256 -0.16 0
0.002562 0 0
0.002564 -0.16 0
0.002566 -0.16 0
0.002568 -0.16 0
0.00257 -0.16 0
0.002572 -0.16 0
0.002574 -0.16 0
0.002576 -0.16 0
0.002578 -0.16 0
0.00258 -0.16 0
0.002582 -0.24 0
0.002584 -0.16 0
0.002586 -0.16 0
0.002588 -0.16 0
0.00259 -0.16 0
0.002592 -0.24 0
0.002594 -0.16 0
0.002596 -0.24 0
0.002598 -0.16 0
0.0026 -0.24 0
0.002602 -0.16 0
0.002604 -0.16 0
0.002606 -0.16 0
0.002608 -0.16 0
0.00261 -0.16 0
0.002612 -0.16 0
0.002614 -0.16 0
0.002616 -0.16 0
0.002618 -0.16 0
0.00262 -0.16 0
0.002622 -0.16 0
0.002624 -0.16 0
0.002626 -0.16 0
0.002628 -0.16 0
0.00263 -0.16 0
0.002632 -0.16 0
0.002634 -0.16 0
0.002636 -0.16 0
0.002638 -0.16 0
0.00264 -0.16 0
0.002642 -0.24 0
0.002644 -0.16 0
0.002646 -0.16 0
0.002648 -0.16 0
0.00265 -0.16 0
0.002652 -0.24 0
0.002654 -0.16 0
0.002656 -0.16 0
0.002658 0 0
0.00266 -0.16 0
0.002662 -0.16 0
0.002664 -0.16 0
0.002666 -0.24 0
0.002668 -0.16 0
0.00267 -0.24 0
0.002672 -0.16 0
0.002674 -0.16 0
0.002676 -0.24 0
0.002678 -0.16 0
0.00268 -0.16 0
0.002682 -0.16 0
0.002684 -0.16 0
0.002686 -0.16 0
0.002688 -0.24 0
0.00269 -0.24 0
0.002692 -0.16 0
0.002694 -0.24 0
0.002696 -0.16 0
0.002698 -0.16 0
0.0027 -0.16 0
0.002702 -0.24 0
0.002704 -0.16 0
0.002706 -0.16 0
0.002708 0 0
0.00271 -0.16 0
0.002712 -0.24 0
0.002714 -0.16 0
0.002716 -0.16 0
0.002718 -0.16 0
0.00272 -0.16 0
0.002722 -0.16 0
0.002724 -0.16 0
0.002726 -0.16 0
0.002728 -0.16 0
0.00273 -0.16 0
0.002732 -0.24 0
0.002734 -0.16 0
0.002736 -0.16 0
0.002738 -0.16 0
0.00274 -0.16 0
0.002742 -0.16 0
0.002744 -0.16 0
0.002746 -0.16 0
0.002748 -0.24 0
0.00275 -0.24 0
0.002752 -0.16 0
0.002754 -0.24 0
0.002756 -0.16 0
0.002758 -0.16 0
0.00276 -0.24 0
0.002762 -0.16 0
0.002764 -0.16 0
0.002766 -0.16 0
0.002768 -0.16 0
0.00277 -0.16 0
0.002772 -0.24 0
0.002774 -0.16 0
0.002776 -0.16 0
0.002778 -0.16 0
0.00278 -0.16 0
0.002782 -0.16 0
0.002784 -0.16 0
0.002786 -0.24 0
0.002788 -0.24 0
0.00279 -0.16 0
0.002792 -0.24 0
0.002794 -0.16 0
0.002796 -0.16 0
0.002798 -0.16 0
0.0028 -0.16 0
0.002802 -0.16 0
0.002804 -0.16 0
0.002806 -0.24 0
0.002808 -0.16 0
0.00281 -0.16 0
0.002812 0 0
0.002814 -0.16 0
0.002816 -0.24 0
0.002818 -0.24 0
0.00282 -0.16 0
0.002822 -0.16 0
0.002824 -0.16 0
0.002826 -0.16 0
0.002828 -0.16 0
0.00283 -0.16 0
0.002832 -0.24 0
0.002834 -0.16 0
0.002836 -0.16 0
0.002838 -0.24 0
0.00284 -0.24 0
0.002842 -0.16 0
0.002844 -0.16 0
0.002846 -0.16 0
0.002848 -0.16 0
0.00285 -0.16 0
0.002852 -0.16 0
0.002854 -0.16 0
0.002856 -0.16 0
0.002858 -0.16 0
0.00286 -0.16 0
0.002862 -0.16 0
0.002864 -0.16 0
0.002866 -0.16 0
0.002868 -0.24 0
0.00287 -0.16 0
0.002872 -0.16 0
0.002874 -0.16 0
0.002876 -0.16 0
0.002878 -0.16 0
0.00288 -0.16 0
0.002882 -0.16 0
0.002884 -0.16 0
0.002886 -0.16 0
0.002888 -0.16 0
0.00289 -0.16 0
0.002892 -0.16 0
0.002894 -0.16 0
0.002896 -0.16 0
0.002898 -0.16 0
0.0029 -0.16 0
0.002902 -0.16 0
0.002904 -0.16 0
0.002906 -0.16 0
0.002908 -0.24 0
0.00291 -0.16 0
0.002912 -0.16 0
0.002914 -0.16 0
0.002916 -0.16 0
0.002918 0 0
0.00292 -0.16 0
0.002922 -0.16 0
0.002924 -0.16 0
0.002926 -0.24 0
0.002928 -0.16 0
0.00293 -0.16 0
0.002932 -0.16 0
0.002934 0 0
0.002936 -0.16 0
0.002938 -0.16 0
0.00294 -0.16 0
0.002942 -0.16 0
0.002944 -0.16 0
0.002946 -0.16 0
0.002948 -0.16 0
0.00295 -0.16 0
0.002952 -0.16 0
0.002954 -0.16 0
0.002956 -0.16 0
0.002958 -0.16 0
0.00296 -0.16 0
0.002962 -0.16 0
0.002964 -0.16 0
0.002966 -0.16 0
0.002968 -0.16 0
0.00297 -0.24 0
0.002972 -0.16 0
0.002974 -0.16 0
0.002976 -0.16 0
0.002978 -0.16 0
0.00298 -0.24 0
0.002982 -0.16 0
0.002984 -0.16 0
0.002986 -0.16 0
0.002988 -0.24 0
0.00299 -0.16 0
0.002992 -0.16 0
0.002994 -0.16 0
0.002996 -0.16 0
0.002998 -0.16 0
0.003 -0.16 0
0.003002 -0.16 0
0.003004 -0.16 0
0.003006 -0.16 0
0.003008 -0.16 0
0.00301 -0.16 0
0.003012 -0.24 0
0.003014 -0.16 0
0.003016 -0.16 0
0.003018 -0.16 0
0.00302 -0.16 0
0.003022 -0.16 0
0.003024 -0.16 0
0.003026 -0.16 0
0.003028 -0.16 0
0.00303 -0.16 0
0.003032 -0.16 0
0.003034 -0.16 0
0.003036 -0.16 0
0.003038 -0.16 0
0.00304 -0.16 0
0.003042 -0.16 0
0.003044 -0.16 0
0.003046 -0.16 0
0.003048 -0.16 0
0.00305 -0.16 0
0.003052 -0.16 0
0.003054 -0.16 0
0.003056 -0.24 0
0.003058 -0.24 0
0.00306 -0.16 0
0.003062 -0.16 0
0.003064 -0.16 0
0.003066 -0.16 0
0.003068 -0.16 0
0.00307 -0.16 0
0.003072 -0.16 0
0.003074 -0.16 0
0.003076 -0.24 0
0.003078 -0.16 0
0.00308 -0.24 0
0.003082 -0.16 0
0.003084 -0.16 0
0.003086 0 0
0.003088 -0.16 0
0.00309 -0.16 0
0.003092 -0.24 0
0.003094 -0.16 0
0.003096 -0.16 0
0.003098 4.64 0
0.0031 4.64 0
0.003102 4.64 0
0.003104 4.64 0
0.003106 4.64 0
0.003108 4.64 0
0.00311 4.64 0
0.003112 4.64 0
0.003114 4.72 0
0.003116 4.72 0
0.003118 4.72 0
0.00312 4.72 0
0.003122 4.64 0
0.003124 4.72 0
0.003126 4.64 0
0.003128 4.64 0
0.00313 4.64 0
0.003132 4.64 0
0.003134 4.64 0
0.003136 4.72 0
0.003138 4.64 0
0.00314 4.72 0
0.003142 4.72 0
0.003144 4.64 0
0.003146 4.64 0
0.003148 4.64 0
0.00315 4.72 0
0.003152 4.64 0
0.003154 4.72 0
0.003156 4.64 0
0.003158 4.64 0
0.00316 4.72 0
0.003162 4.72 0
0.003164 4.64 0
0.003166 4.72 0
0.003168 4.72 0
0.00317 4.64 0
0.003172 4.72 0
0.003174 4.64 0
0.003176 4.64 0
0.003178 4.72 0
0.00318 4.64 0
0.003182 4.64 0
0.003184 4.72 0
0.003186 4.64 0
0.003188 4.72 0
0.00319 4.64 0
0.003192 4.72 0
0.003194 4.72 0
0.003196 4.64 0
0.003198 4.72 0
0.0032 4.64 0
0.003202 4.64 0
0.003204 4.64 0
0.003206 4.64 0
0.003208 4.72 0
0.00321 4.64 0
0.003212 4.64 0
0.003214 4.72 0
0.003216 4.72 0
0.003218 4.64 0
0.00322 4.64 0
0.003222 4.64 0
0.003224 4.64 0
0.003226 4.64 0
0.003228 4.64 0
0.00323 4.64 0
0.003232 4.64 0
0.003234 4.64 0
0.003236 4.72 0
0.003238 4.64 0
0.00324 4.64 0
0.003242 4.72 0
0.003244 4.72 0
0.003246 4.64 0
0.003248 4.64 0
0.00325 4.64 0
0.003252 4.64 0
0.003254 4.64 0
0.003256 4.64 0
0.003258 4.72 0
0.00326 4.72 0
0.003262 4.72 0
0.003264 4.72 0
0.003266 4.64 0
0.003268 4.64 0
0.00327 4.64 0
0.003272 4.64 0
0.003274 4.64 0
0.003276 4.64 0
0.003278 4.64 0
0.00328 4.64 0
0.003282 4.64 0
0.003284 4.72 0
0.003286 4.72 0
0.003288 4.72 0
0.00329 4.72 0
0.003292 4.72 0
0.003294 4.64 0
0.003296 4.64 0
0.003298 4.72 0
0.0033 4.64 0
0.003302 4.64 0
0.003304 4.72 0
0.003306 4.72 0
0.003308 4.72 0
0.00331 4.72 0
0.003312 4.64 0
0.003314 4.64 0
0.003316 4.64 0
0.003318 4.64 0
0.00332 4.64 0
0.003322 4.64 0
0.003324 4.64 0
0.003326 4.64 0
0.003328 4.64 0
0.00333 4.72 0
0.003332 4.72 0
0.003334 4.72 0
0.003336 4.64 0
0.003338 4.64 0
0.00334 4.64 0
0.003342 4.64 0
0.003344 4.64 0
0.003346 4.64 0
0.003348 4.64 0
0.00335 4.72 0
0.003352 4.72 0
0.003354 4.72 0
0.003356 4.64 0
0.003358 4.72 0
0.00336 4.64 0
0.003362 4.64 0
0.003364 4.64 0
0.003366 4.64 0
0.003368 4.64 0
0.00337 4.64 0
0.003372 4.64 0
0.003374 4.72 0
0.003376 4.72 0
0.003378 4.64 0
0.00338 4.72 0
0.003382 4.72 0
0.003384 4.64 0
0.003386 4.72 0
0.003388 4.64 0
0.00339 4.64 0
0.003392 4.64 0
0.003394 4.64 0
0.003396 4.64 0
0.003398 4.72 0
0.0034 4.72 0
0.003402 4.72 0
0.003404 4.64 0
0.003406 4.72 0
0.003408 4.64 0
0.00341 4.64 0
0.003412 4.64 0
0.003414 4.72 0
0.003416 4.72 0
0.003418 4.64 0
0.00342 4.64 0
0.003422 4.64 0
0.003424 4.72 0
0.003426 4.72 0
0.003428 4.64 0
0.00343 4.72 0
0.003432 4.64 0
0.003434 4.64 0
0.003436 4.72 0
0.003438 4.72 0
0.00344 4.64 0
0.003442 4.72 0
0.003444 4.72 0
0.003446 4.72 0
0.003448 4.64 0
0.00345 4.72 0
0.003452 4.64 0
0.003454 4.64 0
0.003456 4.64 0
0.003458 4.64 0
0.00346 4.64 0
0.003462 4.64 0
0.003464 4.64 0
0.003466 4.64 0
0.003468 4.64 0
0.00347 4.64 0
0.003472 4.72 0
0.003474 4.72 0
0.003476 4.72 0
0.003478 4.64 0
0.00348 4.64 0
0.003482 4.64 0
0.003484 4.64 0
0.003486 4.64 0
0.003488 4.64 0
0.00349 4.64 0
0.003492 4.64 0
0.003494 4.72 0
0.003496 4.64 0
0.003498 4.72 0
0.0035 4.72 0
0.003502 4.72 0
0.003504 4.72 0
0.003506 4.64 0
0.003508 4.64 0
0.00351 4.64 0
0.003512 4.72 0
0.003514 4.72 0
0.003516 4.64 0
0.003518 4.72 0
0.00352 4.72 0
0.003522 4.64 0
0.003524 4.72 0
0.003526 4.72 0
0.003528 4.72 0
0.00353 4.64 0
0.003532 4.64 0
0.003534 4.64 0
0.003536 4.64 0
0.003538 4.64 0
0.00354 4.72 0
0.003542 4.64 0
0.003544 4.72 0
0.003546 4.72 0
0.003548 4.72 0
0.00355 4.64 0
0.003552 4.64 0
0.003554 4.64 0
0.003556 4.64 0
0.003558 4.64 0
0.00356 4.64 0
0.003562 4.64 0
0.003564 4.72 0
0.003566 4.72 0
0.003568 4.64 0
0.00357 4.64 0
0.003572 4.72 0
0.003574 4.72 0
0.003576 4.64 0
0.003578 4.64 0
0.00358 4.64 0
0.003582 4.64 0
0.003584 4.64 0
0.003586 4.72 0
0.003588 4.64 0
0.00359 4.72 0
0.003592 4.64 0
0.003594 4.64 0
0.003596 4.64 0
0.003598 4.64 0
0.0036 4.64 0
0.003602 4.64 0
0.003604 4.64 0
0.003606 4.64 0
0.003608 4.64 0
0.00361 4.64 0
0.003612 4.72 0
0.003614 4.64 0
0.003616 4.64 0
0.003618 4.64 0
0.00362 4.64 0
0.003622 4.64 0
0.003624 4.72 0
0.003626 4.72 0
0.003628 4.72 0
0.00363 4.64 0
0.003632 4.64 0
0.003634 4.64 0
0.003636 4.72 0
0.003638 4.64 0
0.00364 4.64 0
0.003642 4.72 0
0.003644 4.72 0
0.003646 4.64 0
0.003648 4.64 0
0.00365 4.64 0
0.003652 4.64 0
0.003654 4.64 0
0.003656 4.64 0
0.003658 4.64 0
0.00366 4.64 0
0.003662 4.72 0
0.003664 4.72 0
0.003666 4.72 0
0.003668 4.72 0
0.00367 4.72 0
0.003672 4.64 0
0.003674 4.64 0
0.003676 4.64 0
0.003678 4.64 0
0.00368 4.64 0
0.003682 4.64 0
0.003684 4.72 0
0.003686 4.64 0
0.003688 4.64 0
0.00369 4.64 0
0.003692 4.64 0
0.003694 4.72 0
0.003696 4.64 0
0.003698 4.64 0
0.0037 4.64 0
0.003702 4.64 0
0.003704 4.64 0
0.003706 4.64 0
0.003708 4.64 0
0.00371 4.72 0
0.003712 4.64 0
0.003714 4.64 0
0.003716 4.64 0
0.003718 4.72 0
0.00372 4.64 0
0.003722 4.64 0
0.003724 4.64 0
0.003726 4.64 0
0.003728 4.64 0
0.00373 4.64 0
0.003732 4.72 0
0.003734 4.64 0
0.003736 4.64 0
0.003738 4.64 0
0.00374 4.64 0
0.003742 4.72 0
0.003744 4.64 0
0.003746 4.64 0
0.003748 4.64 0
0.00375 4.64 0
0.003752 4.64 0
0.003754 4.64 0
0.003756 4.64 0
0.003758 4.72 0
0.00376 4.64 0
0.003762 4.64 0
0.003764 4.64 0
0.003766 4.64 0
0.003768 4.64 0
0.00377 4.64 0
0.003772 4.72 0
0.003774 4.64 0
0.003776 4.64 0
0.003778 4.64 0
0.00378 4.72 0
0.003782 4.72 0
0.003784 4.72 0
0.003786 4.64 0
0.003788 4.64 0
0.00379 4.64 0
0.003792 4.64 0
0.003794 4.64 0
0.003796 4.64 0
0.003798 4.64 0
0.0038 4.64 0
0.003802 4.64 0
0.003804 4.72 0
0.003806 4.64 0
0.003808 4.64 0
0.00381 4.64 0
0.003812 4.64 0
0.003814 4.72 0
0.003816 4.64 0
0.003818 4.72 0
0.00382 4.64 0
0.003822 4.72 0
0.003824 4.64 0
0.003826 4.64 0
0.003828 4.72 0
0.00383 4.72 0
0.003832 4.72 0
0.003834 4.64 0
0.003836 4.72 0
0.003838 4.72 0
0.00384 4.64 0
0.003842 4.64 0
0.003844 4.72 0
0.003846 4.64 0
0.003848 4.64 0
0.00385 4.64 0
0.003852 4.64 0
0.003854 4.72 0
0.003856 4.72 0
0.003858 4.64 0
0.00386 4.72 0
0.003862 4.72 0
0.003864 4.64 0
0.003866 4.64 0
0.003868 4.64 0
0.00387 4.64 0
0.003872 4.64 0
0.003874 4.64 0
0.003876 4.64 0
0.003878 4.64 0
0.00388 4.64 0
0.003882 4.72 0
0.003884 4.64 0
0.003886 4.72 0
0.003888 4.64 0
0.00389 4.64 0
0.003892 4.64 0
0.003894 4.64 0
0.003896 4.72 0
0.003898 0 0
0.0039 -0.16 0
0.003902 -0.16 0
0.003904 -0.16 0
0.003906 -0.16 0
0.003908 -0.16 0
0.00391 -0.16 0
0.003912 -0.16 0
0.003914 -0.16 0
0.003916 -0.16 0
0.003918 -0.24 0
0.00392 -0.24 0
0.003922 -0.16 0
0.003924 -0.16 0
0.003926 -0.16 0
0.003928 -0.16 0
0.00393 -0.16 0
0.003932 -0.16 0
0.003934 -0.16 0
0.003936 -0.16 0
0.003938 -0.16 0
0.00394 -0.16 0
0.003942 -0.16 0
0.003944 -0.16 0
0.003946 -0.16 0
0.003948 -0.16 0
0.00395 -0.16 0
0.003952 -0.16 0
0.003954 -0.16 0
0.003956 -0.24 0
0.003958 -0.16 0
0.00396 -0.16 0
0.003962 -0.16 0
0.003964 -0.16 0
0.003966 -0.24 0
0.003968 -0.24 0
0.00397 -0.16 0
0.003972 -0.16 0
0.003974 -0.16 0
0.003976 -0.16 0
0.003978 -0.16 0
0.00398 -0.24 0
0.003982 -0.16 0
0.003984 -0.24 0
0.003986 -0.16 0
0.003988 -0.16 0
0.00399 -0.16 0
0.003992 -0.16 0
0.003994 -0.16 0
0.003996 -0.16 0
0.003998 -0.16 0
0.004 -0.16 0
0.004002 -0.16 0
0.004004 -0.16 0
0.004006 -0.24 0
0.004008 -0.16 0
0.00401 -0.24 0
0.004012 -0.16 0
0.004014 -0.16 0
0.004016 -0.24 0
0.004018 -0.16 0
0.00402 -0.24 0
0.004022 -0.16 0
0.004024 -0.16 0
0.004026 -0.16 0
0.004028 -0.16 0
0.00403 -0.16 0
0.004032 -0.16 0
0.004034 -0.16 0
0.004036 -0.16 0
0.004038 -0.16 0
0.00404 -0.24 0
0.004042 -0.24 0
0.004044 -0.16 0
0.004046 -0.24 0
0.004048 -0.16 0
0.00405 -0.16 0
0.004052 -0.16 0
0.004054 -0.16 0
0.004056 -0.16 0
0.004058 -0.16 0
0.00406 -0.16 0
0.004062 -0.16 0
0.004064 -0.16 0
0.004066 -0.16 0
0.004068 -0.24 0
0.00407 -0.16 0
0.004072 0 0
0.004074 -0.24 0
0.004076 -0.16 0
0.004078 -0.16 0
0.00408 -0.24 0
0.004082 -0.16 0
0.004084 -0.16 0
0.004086 -0.16 0
0.004088 -0.24 0
0.00409 -0.16 0
0.004092 -0.16 0
0.004094 -0.16 0
0.004096 -0.16 0
0.004098 -0.16 0
0.0041 -0.16 0
0.004102 -0.24 0
0.004104 -0.16 0
0.004106 -0.16 0
0.004108 -0.16 0
0.00411 -0.24 0
0.004112 -0.16 0
0.004114 -0.16 0
0.004116 -0.16 0
0.004118 -0.16 0
0.00412 -0.16 0
0.004122 -0.16 0
0.004124 -0.24 0
0.004126 -0.16 0
0.004128 -0.16 0
0.00413 -0.16 0
0.004132 -0.24 0
0.004134 -0.16 0
0.004136 -0.16 0
0.004138 -0.16 0
0.00414 -0.16 0
0.004142 -0.16 0
0.004144 -0.16 0
0.004146 -0.16 0
0.004148 -0.16 0
0.00415 -0.16 0
0.004152 -0.16 0
0.004154 -0.24 0
0.004156 -0.24 0
0.004158 -0.24 0
0.00416 -0.16 0
0.004162 -0.16 0
0.004164 -0.24 0
0.004166 -0.24 0
0.004168 -0.16 0
0.00417 -0.16 0
0.004172 -0.16 0
0.004174 -0.16 0
0.004176 -0.16 0
0.004178 -0.16 0
0.00418 -0.16 0
0.004182 -0.24 0
0.004184 -0.16 0
0.004186 -0.16 0
0.004188 -0.24 0
0.00419 -0.16 0
0.004192 -0.16 0
0.004194 -0.16 0
0.004196 -0.16 0
0.004198 -0.16 0
0.0042 -0.16 0
0.004202 -0.16 0
0.004204 -0.24 0
0.004206 -0.16 0
0.004208 -0.16 0
0.00421 -0.16 0
0.004212 -0.24 0
0.004214 -0.16 0
0.004216 -0.16 0
0.004218 -0.16 0
0.00422 -0.16 0
0.004222 -0.16 0
0.004224 -0.16 0
0.004226 -0.16 0
0.004228 -0.16 0
0.00423 -0.16 0
0.004232 -0.16 0
0.004234 -0.16 0
0.004236 -0.24 0
0.004238 -0.16 0
0.00424 -0.16 0
0.004242 -0.16 0
0.004244 -0.16 0
0.004246 -0.16 0
0.004248 -0.16 0
0.00425 -0.16 0
0.004252 -0.24 0
0.004254 -0.16 0
0.004256 -0.24 0
0.004258 -0.16 0
0.00426 -0.16 0
0.004262 -0.24 0
0.004264 -0.16 0
0.004266 -0.16 0
0.004268 -0.16 0
0.00427 -0.16 0
0.004272 -0.16 0
0.004274 -0.16 0
0.004276 -0.16 0
0.004278 -0.24 0
0.00428 -0.16 0
0.004282 -0.24 0
0.004284 -0.16 0
0.004286 -0.16 0
0.004288 -0.16 0
0.00429 -0.16 0
0.004292 -0.16 0
0.004294 -0.16 0
0.004296 -0.24 0
0.004298 -0.16 0
0.0043 -0.16 0
0.004302 -0.24 0
0.004304 -0.16 0
0.004306 -0.16 0
0.004308 -0.16 0
0.00431 -0.24 0
0.004312 -0.16 0
0.004314 -0.16 0
0.004316 -0.16 0
0.004318 -0.16 0
0.00432 -0.16 0
0.004322 -0.16 0
0.004324 -0.24 0
0.004326 -0.24 0
0.004328 -0.24 0
0.00433 -0.24 0
0.004332 -0.16 0
0.004334 -0.16 0
0.004336 -0.24 0
0.004338 -0.16 0
0.00434 -0.16 0
0.004342 -0.24 0
0.004344 -0.16 0
0.004346 -0.16 0
0.004348 -0.24 0
0.00435 -0.16 0
0.004352 -0.16 0
0.004354 -0.24 0
0.004356 -0.24 0
0.004358 -0.16 0
0.00436 -0.16 0
0.004362 -0.16 0
0.004364 -0.24 0
0.004366 -0.16 0
0.004368 -0.16 0
0.00437 -0.16 0
0.004372 -0.16 0
0.004374 -0.16 0
0.004376 -0.16 0
0.004378 -0.16 0
0.00438 -0.16 0
0.004382 -0.16 0
0.004384 -0.16 0
0.004386 -0.16 0
0.004388 -0.16 0
0.00439 -0.16 0
0.004392 -0.24 0
0.004394 -0.24 0
0.004396 -0.16 0
0.004398 -0.16 0
0.0044 -0.16 0
0.004402 -0.16 0
0.004404 -0.16 0
0.004406 -0.24 0
0.004408 -0.16 0
0.00441 -0.24 0
0.004412 -0.16 0
0.004414 -0.16 0
0.004416 -0.16 0
0.004418 -0.16 0
0.00442 -0.16 0
0.004422 -0.16 0
0.004424 -0.16 0
0.004426 -0.24 0
0.004428 -0.16 0
0.00443 -0.24 0
0.004432 -0.16 0
0.004434 -0.16 0
0.004436 -0.16 0
0.004438 -0.24 0
0.00444 -0.16 0
0.004442 -0.16 0
0.004444 -0.16 0
0.004446 -0.24 0
0.004448 -0.16 0
0.00445 -0.16 0
0.004452 -0.16 0
0.004454 -0.16 0
0.004456 -0.16 0
0.004458 -0.16 0
0.00446 -0.16 0
0.004462 -0.16 0
0.004464 -0.16 0
0.004466 -0.24 0
0.004468 -0.16 0
0.00447 -0.16 0
0.004472 -0.16 0
0.004474 -0.24 0
0.004476 -0.16 0
0.004478 -0.16 0
0.00448 -0.16 0
0.004482 -0.16 0
0.004484 -0.16 0
0.004486 -0.16 0
0.004488 -0.16 0
0.00449 -0.24 0
0.004492 -0.16 0
0.004494 -0.16 0
0.004496 -0.16 0
0.004498 -0.16 0
0.0045 -0.16 0
0.004502 -0.16 0
0.004504 -0.16 0
0.004506 -0.16 0
0.004508 -0.16 0
0.00451 -0.16 0
0.004512 -0.16 0
0.004514 -0.16 0
0.004516 -0.16 0
0.004518 -0.16 0
0.00452 -0.16 0
0.004522 -0.16 0
0.004524 -0.16 0
0.004526 -0.24 0
0.004528 -0.16 0
0.00453 -0.16 0
0.004532 -0.16 0
0.004534 -0.16 0
0.004536 -0.16 0
0.004538 -0.24 0
0.00454 -0.16 0
0.004542 -0.16 0
0.004544 -0.16 0
0.004546 -0.16 0
0.004548 -0.16 0
0.00455 -0.16 0
0.004552 -0.16 0
0.004554 -0.16 0
0.004556 -0.16 0
0.004558 -0.16 0
0.00456 -0.16 0
0.004562 -0.24 0
0.004564 -0.24 0
0.004566 -0.16 0
0.004568 -0.16 0
0.00457 -0.16 0
0.004572 -0.16 0
0.004574 -0.16 0
0.004576 -0.24 0
0.004578 -0.16 0
0.00458 -0.16 0
0.004582 -0.16 0
0.004584 -0.16 0
0.004586 -0.16 0
0.004588 -0.16 0
0.00459 -0.16 0
0.004592 -0.16 0
0.004594 -0.16 0
0.004596 -0.16 0
0.004598 -0.16 0
0.0046 -0.16 0
0.004602 -0.16 0
0.004604 -0.16 0
0.004606 -0.16 0
0.004608 -0.16 0
0.00461 -0.16 0
0.004612 -0.24 0
0.004614 -0.16 0
0.004616 -0.16 0
0.004618 -0.16 0
0.00462 -0.16 0
0.004622 -0.16 0
0.004624 -0.16 0
0.004626 -0.16 0
0.004628 -0.24 0
0.00463 -0.16 0
0.004632 0 0
0.004634 -0.16 0
0.004636 -0.16 0
0.004638 -0.16 0
0.00464 -0.24 0
0.004642 -0.24 0
0.004644 -0.16 0
0.004646 -0.16 0
0.004648 -0.24 0
0.00465 -0.16 0
0.004652 -0.16 0
0.004654 -0.16 0
0.004656 -0.16 0
0.004658 -0.16 0
0.00466 -0.24 0
0.004662 -0.16 0
0.004664 -0.16 0
0.004666 -0.16 0
0.004668 -0.16 0
0.00467 -0.16 0
0.004672 -0.16 0
0.004674 -0.16 0
0.004676 -0.24 0
0.004678 -0.16 0
0.00468 -0.16 0
0.004682 -0.24 0
0.004684 -0.16 0
0.004686 -0.24 0
0.004688 -0.16 0
0.00469 -0.16 0
0.004692 -0.16 0
0.004694 -0.24 0
0.004696 -0.16 0
0.004698 -0.24 0
0.0047 -0.16 0
0.004702 -0.16 0
0.004704 -0.16 0
0.004706 -0.24 0
0.004708 -0.16 0
0.00471 -0.16 0
0.004712 -0.16 0
0.004714 -0.24 0
0.004716 -0.16 0
0.004718 -0.16 0
0.00472 -0.24 0
0.004722 -0.16 0
0.004724 -0.16 0
0.004726 -0.16 0
0.004728 -0.24 0
0.00473 -0.16 0
0.004732 -0.16 0
0.004734 -0.16 0
0.004736 -0.24 0
0.004738 -0.24 0
0.00474 -0.24 0
0.004742 -0.16 0
0.004744 -0.24 0
0.004746 -0.24 0
0.004748 -0.16 0
0.00475 -0.16 0
0.004752 -0.16 0
0.004754 -0.16 0
0.004756 -0.24 0
0.004758 -0.24 0
0.00476 -0.24 0
0.004762 -0.16 0
0.004764 -0.24 0
0.004766 -0.16 0
0.004768 -0.16 0
0.00477 -0.16 0
0.004772 -0.16 0
0.004774 -0.16 0
0.004776 -0.16 0
0.004778 -0.24 0
0.00478 -0.16 0
0.004782 -0.16 0
0.004784 -0.16 0
0.004786 -0.24 0
0.004788 -0.16 0
0.00479 -0.16 0
0.004792 -0.16 0
0.004794 0 0
0.004796 -0.16 0
0.004798 -0.16 0
0.0048 -0.16 0
0.004802 -0.24 0
0.004804 -0.16 0
0.004806 -0.24 0
0.004808 -0.16 0
0.00481 -0.16 0
0.004812 -0.16 0
0.004814 -0.24 0
0.004816 -0.16 0
0.004818 -0.16 0
0.00482 -0.16 0
0.004822 -0.16 0
0.004824 -0.16 0
0.004826 -0.16 0
0.004828 -0.24 0
0.00483 -0.16 0
0.004832 -0.16 0
0.004834 -0.16 0
0.004836 -0.16 0
0.004838 -0.16 0
0.00484 -0.16 0
0.004842 -0.16 0
0.004844 -0.16 0
0.004846 -0.24 0
0.004848 -0.16 0
0.00485 -0.16 0
0.004852 -0.16 0
0.004854 -0.16 0
0.004856 -0.16 0
0.004858 -0.16 0
0.00486 -0.16 0
0.004862 -0.16 0
0.004864 -0.24 0
0.004866 -0.24 0
0.004868 -0.16 0
0.00487 -0.16 0
0.004872 -0.16 0
0.004874 -0.24 0
0.004876 -0.16 0
0.004878 -0.24 0
0.00488 -0.16 0
0.004882 -0.16 0
0.004884 -0.24 0
0.004886 -0.24 0
0.004888 -0.16 0
0.00489 -0.16 0
0.004892 -0.24 0
0.004894 -0.16 0
0.004896 -0.16 0
0.004898 -0.16 0
0.0049 -0.16 0
0.004902 -0.16 0
0.004904 -0.24 0
0.004906 -0.24 0
0.004908 -0.16 0
0.00491 -0.16 0
0.004912 -0.16 0
0.004914 -0.16 0
0.004916 -0.16 0
0.004918 -0.24 0
0.00492 -0.16 0
0.004922 -0.24 0
0.004924 -0.16 0
0.004926 -0.16 0
0.004928 -0.16 0
0.00493 -0.16 0
0.004932 -0.16 0
0.004934 -0.24 0
0.004936 -0.16 0
0.004938 -0.16 0
0.00494 -0.16 0
0.004942 -0.16 0
0.004944 -0.16 0
0.004946 -0.24 0
0.004948 -0.16 0
0.00495 -0.16 0
0.004952 -0.16 0
0.004954 -0.24 0
0.004956 -0.16 0
0.004958 -0.16 0
0.00496 -0.16 0
0.004962 -0.16 0
0.004964 -0.16 0
0.004966 -0.24 0
0.004968 -0.16 0
0.00497 -0.24 0
0.004972 -0.16 0
0.004974 -0.16 0
0.004976 -0.16 0
0.004978 -0.16 0
0.00498 -0.16 0
0.004982 -0.16 0
0.004984 -0.16 0
0.004986 -0.16 0
0.004988 -0.16 0
0.00499 -0.16 0
0.004992 -0.16 0
0.004994 -0.16 0
0.004996 -0.16 0
0.004998 -0.16 0
0.005 -0.16 0
0.005002 -0.24 0
0.005004 -0.16 0
0.005006 -0.16 0
0.005008 -0.24 0
0.00501 -0.16 0
0.005012 -0.16 0
0.005014 -0.16 0
0.005016 -0.16 0
0.005018 -0.16 0
0.00502 -0.16 0
0.005022 -0.16 0
0.005024 -0.24 0
0.005026 -0.16 0
0.005028 -0.16 0
0.00503 -0.16 0
0.005032 -0.16 0
0.005034 -0.16 0
0.005036 -0.16 0
0.005038 -0.16 0
0.00504 -0.16 0
0.005042 -0.16 0
0.005044 -0.24 0
0.005046 -0.16 0
0.005048 -0.16 0
0.00505 -0.16 0
0.005052 -0.24 0
0.005054 -0.16 0
0.005056 -0.16 0
0.005058 -0.24 0
0.00506 -0.24 0
0.005062 -0.24 0
0.005064 -0.16 0
0.005066 -0.16 0
0.005068 -0.16 0
0.00507 -0.16 0
0.005072 -0.16 0
0.005074 -0.24 0
0.005076 -0.16 0
0.005078 -0.16 0
0.00508 -0.16 0
0.005082 -0.16 0
0.005084 -0.16 0
0.005086 -0.16 0
0.005088 0 0
0.00509 -0.16 0
0.005092 -0.16 0
0.005094 -0.16 0
0.005096 -0.24 0
0.005098 -0.16 0
0.0051 -0.16 0
0.005102 -0.16 0
0.005104 -0.16 0
0.005106 -0.16 0
0.005108 -0.24 0
0.00511 -0.16 0
0.005112 -0.16 0
0.005114 -0.24 0
0.005116 -0.16 0
0.005118 -0.16 0
0.00512 -0.16 0
0.005122 -0.16 0
0.005124 -0.16 0
0.005126 -0.16 0
0.005128 -0.16 0
0.00513 -0.16 0
0.005132 -0.16 0
0.005134 -0.16 0
0.005136 -0.16 0
0.005138 -0.16 0
0.00514 4.64 0
0.005142 4.64 0
0.005144 4.64 0
0.005146 4.64 0
0.005148 4.64 0
0.00515 4.64 0
0.005152 4.64 0
0.005154 4.64 0
0.005156 4.64 0
0.005158 4.72 0
0.00516 4.72 0
0.005162 4.64 0
0.005164 4.72 0
0.005166 4.64 0
0.005168 4.64 0
0.00517 4.64 0
0.005172 4.64 0
0.005174 4.64 0
0.005176 4.64 0
0.005178 4.64 0
0.00518 4.64 0
0.005182 4.64 0
0.005184 4.64 0
0.005186 4.64 0
0.005188 4.64 0
0.00519 4.64 0
0.005192 4.64 0
0.005194 4.64 0
0.005196 4.64 0
0.005198 4.64 0
0.0052 4.64 0
0.005202 4.64 0
0.005204 4.72 0
0.005206 4.72 0
0.005208 4.64 0
0.00521 4.72 0
0.005212 4.72 0
0.005214 4.64 0
0.005216 4.64 0
0.005218 4.64 0
0.00522 4.64 0
0.005222 4.64 0
0.005224 4.64 0
0.005226 4.64 0
0.005228 4.72 0
0.00523 4.72 0
0.005232 4.72 0
0.005234 4.64 0
0.005236 4.64 0
0.005238 4.64 0
0.00524 4.64 0
0.005242 4.64 0
0.005244 4.64 0
0.005246 4.64 0
0.005248 4.72 0
0.00525 4.72 0
0.005252 4.72 0
0.005254 4.72 0
0.005256 4.72 0
0.005258 4.72 0
0.00526 4.72 0
0.005262 4.64 0
0.005264 4.64 0
0.005266 4.64 0
0.005268 4.64 0
0.00527 4.64 0
0.005272 4.64 0
0.005274 4.64 0
0.005276 4.72 0
0.005278 4.72 0
0.00528 4.72 0
0.005282 4.64 0
0.005284 4.64 0
0.005286 4.64 0
0.005288 4.64 0
0.00529 4.64 0
0.005292 4.72 0
0.005294 4.64 0
0.005296 4.64 0
0.005298 4.72 0
0.0053 4.72 0
0.005302 4.64 0
0.005304 4.72 0
0.005306 4.64 0
0.005308 4.64 0
0.00531 4.64 0
0.005312 4.72 0
0.005314 4.72 0
0.005316 4.64 0
0.005318 4.64 0
0.00532 4.72 0
0.005322 4.64 0
0.005324 4.72 0
0.005326 4.64 0
0.005328 4.72 0
0.00533 4.64 0
0.005332 4.72 0
0.005334 4.64 0
0.005336 4.72 0
0.005338 4.72 0
0.00534 4.64 0
0.005342 4.72 0
0.005344 4.72 0
0.005346 4.64 0
0.005348 4.72 0
0.00535 4.72 0
0.005352 4.72 0
0.005354 4.64 0
0.005356 4.64 0
0.005358 4.64 0
0.00536 4.64 0
0.005362 4.64 0
0.005364 4.64 0
0.005366 4.64 0
0.005368 4.72 0
0.00537 4.72 0
0.005372 4.64 0
0.005374 4.64 0
0.005376 4.64 0
0.005378 4.64 0
0.00538 4.64 0
0.005382 4.64 0
0.005384 4.64 0
0.005386 4.64 0
0.005388 4.64 0
0.00539 4.72 0
0.005392 4.72 0
0.005394 4.64 0
0.005396 4.72 0
0.005398 4.72 0
0.0054 4.64 0
0.005402 4.64 0
0.005404 4.64 0
0.005406 4.64 0
0.005408 4.64 0
0.00541 4.64 0
0.005412 4.64 0
0.005414 4.64 0
0.005416 4.72 0
0.005418 4.64 0
0.00542 4.64 0
0.005422 4.64 0
0.005424 4.64 0
0.005426 4.64 0
0.005428 4.72 0
0.00543 4.64 0
0.005432 4.64 0
0.005434 4.64 0
0.005436 4.64 0
0.005438 4.72 0
0.00544 4.64 0
0.005442 4.64 0
0.005444 4.72 0
0.005446 4.72 0
0.005448 4.72 0
0.00545 4.64 0
0.005452 4.64 0
0.005454 4.64 0
0.005456 4.64 0
0.005458 4.64 0
0.00546 4.64 0
0.005462 4.72 0
0.005464 4.72 0
0.005466 4.64 0
0.005468 4.72 0
0.00547 4.64 0
0.005472 4.64 0
0.005474 4.72 0
0.005476 4.64 0
0.005478 4.64 0
0.00548 4.64 0
0.005482 4.64 0
0.005484 4.72 0
0.005486 4.64 0
0.005488 4.72 0
0.00549 4.72 0
0.005492 4.72 0
0.005494 4.72 0
0.005496 4.64 0
0.005498 4.64 0
0.0055 4.72 0
0.005502 4.64 0
0.005504 4.64 0
0.005506 4.64 0
0.005508 4.72 0
0.00551 4.64 0
0.005512 4.64 0
0.005514 4.64 0
0.005516 4.72 0
0.005518 4.72 0
0.00552 4.64 0
0.005522 4.64 0
0.005524 4.64 0
0.005526 4.64 0
0.005528 4.64 0
0.00553 4.64 0
0.005532 4.64 0
0.005534 4.64 0
0.005536 4.72 0
0.005538 4.72 0
0.00554 4.72 0
0.005542 4.64 0
0.005544 4.72 0
0.005546 4.64 0
0.005548 4.64 0
0.00555 4.72 0
0.005552 4.64 0
0.005554 4.64 0
0.005556 4.64 0
0.005558 4.64 0
0.00556 4.72 0
0.005562 4.64 0
0.005564 4.64 0
0.005566 4.72 0
0.005568 4.72 0
0.00557 4.64 0
0.005572 4.64 0
0.005574 4.64 0
0.005576 4.64 0
0.005578 4.64 0
0.00558 4.64 0
0.005582 4.72 0
0.005584 4.64 0
0.005586 4.72 0
0.005588 4.72 0
0.00559 4.64 0
0.005592 4.64 0
0.005594 4.64 0
0.005596 4.64 0
0.005598 4.64 0
0.0056 4.64 0
0.005602 4.64 0
0.005604 4.64 0
0.005606 4.64 0
0.005608 4.72 0
0.00561 4.64 0
0.005612 4.72 0
0.005614 4.72 0
0.005616 4.64 0
0.005618 4.72 0
0.00562 4.64 0
0.005622 4.64 0
0.005624 4.64 0
0.005626 4.64 0
0.005628 4.64 0
0.00563 4.72 0
0.005632 4.72 0
0.005634 4.72 0
0.005636 4.64 0
0.005638 4.64 0
0.00564 4.64 0
0.005642 4.64 0
0.005644 4.64 0
0.005646 4.64 0
0.005648 4.64 0
0.00565 4.64 0
0.005652 4.64 0
0.005654 4.64 0
0.005656 4.72 0
0.005658 4.64 0
0.00566 4.64 0
0.005662 4.64 0
0.005664 4.64 0
0.005666 4.64 0
0.005668 4.64 0
0.00567 4.64 0
0.005672 4.64 0
0.005674 4.64 0
0.005676 4.64 0
0.005678 4.72 0
0.00568 4.64 0
0.005682 4.72 0
0.005684 4.64 0
0.005686 4.64 0
0.005688 4.64 0
0.00569 4.64 0
0.005692 4.64 0
0.005694 4.72 0
0.005696 4.64 0
0.005698 4.64 0
0.0057 4.72 0
0.005702 4.72 0
0.005704 4.64 0
0.005706 4.64 0
0.005708 4.72 0
0.00571 4.72 0
0.005712 4.64 0
0.005714 4.64 0
0.005716 4.64 0
0.005718 4.72 0
0.00572 4.64 0
0.005722 4.64 0
0.005724 4.72 0
0.005726 4.64 0
0.005728 4.64 0
0.00573 4.64 0
0.005732 4.72 0
0.005734 4.64 0
0.005736 4.64 0
0.005738 4.64 0
0.00574 4.64 0
0.005742 4.64 0
0.005744 4.64 0
0.005746 4.72 0
0.005748 4.72 0
0.00575 4.64 0
0.005752 4.64 0
0.005754 4.64 0
0.005756 4.64 0
0.005758 4.64 0
0.00576 4.64 0
0.005762 4.64 0
0.005764 4.64 0
0.005766 4.64 0
0.005768 4.64 0
0.00577 4.64 0
0.005772 4.64 0
0.005774 4.72 0
0.005776 4.64 0
0.005778 4.64 0
0.00578 4.72 0
0.005782 4.64 0
0.005784 4.64 0
0.005786 4.64 0
0.005788 4.64 0
0.00579 4.64 0
0.005792 4.64 0
0.005794 4.64 0
0.005796 4.72 0
0.005798 4.64 0
0.0058 4.64 0
0.005802 4.72 0
0.005804 4.64 0
0.005806 4.64 0
0.005808 4.64 0
0.00581 4.64 0
0.005812 4.64 0
0.005814 4.64 0
0.005816 4.64 0
0.005818 4.64 0
0.00582 4.72 0
0.005822 4.72 0
0.005824 4.64 0
0.005826 4.72 0
0.005828 4.64 0
0.00583 4.64 0
0.005832 4.64 0
0.005834 4.64 0
0.005836 4.64 0
0.005838 4.64 0
0.00584 4.64 0
0.005842 4.64 0
0.005844 4.64 0
0.005846 4.64 0
0.005848 4.72 0
0.00585 4.64 0
0.005852 4.64 0
0.005854 4.64 0
0.005856 4.64 0
0.005858 4.64 0
0.00586 4.64 0
0.005862 4.64 0
0.005864 4.64 0
0.005866 4.64 0
0.005868 4.72 0
0.00587 4.64 0
0.005872 4.72 0
0.005874 4.72 0
0.005876 4.64 0
0.005878 4.64 0
0.00588 4.64 0
0.005882 4.64 0
0.005884 4.64 0
0.005886 4.64 0
0.005888 4.64 0
0.00589 4.64 0
0.005892 4.72 0
0.005894 4.64 0
0.005896 4.72 0
0.005898 4.64 0
0.0059 4.64 0
0.005902 4.72 0
0.005904 4.64 0
0.005906 4.72 0
0.005908 4.64 0
0.00591 4.64 0
0.005912 4.72 0
0.005914 4.72 0
0.005916 4.72 0
0.005918 4.72 0
0.00592 4.64 0
0.005922 4.64 0
0.005924 4.72 0
0.005926 4.64 0
0.005928 4.64 0
0.00593 4.64 0
0.005932 4.64 0
0.005934 4.72 0
0.005936 4.64 0
0.005938 4.64 0
0.00594 4.64 0
0.005942 0 0
0.005944 -0.16 0
0.005946 -0.16 0
0.005948 -0.16 0
0.00595 -0.16 0
0.005952 -0.24 0
0.005954 -0.16 0
0.005956 -0.16 0
0.005958 -0.16 0
0.00596 -0.16 0
0.005962 -0.16 0
0.005964 -0.16 0
0.005966 -0.16 0
0.005968 -0.16 0
0.00597 -0.16 0
0.005972 -0.16 0
0.005974 -0.24 0
0.005976 -0.16 0
0.005978 -0.16 0
0.00598 -0.16 0
0.005982 -0.16 0
0.005984 -0.24 0
0.005986 -0.24 0
0.005988 -0.16 0
0.00599 -0.24 0
0.005992 -0.24 0
0.005994 -0.16 0
0.005996 -0.16 0
0.005998 -0.16 0
0.006 -0.16 0
0.006002 -0.16 0
0.006004 -0.16 0
0.006006 -0.24 0
0.006008 -0.16 0
0.00601 -0.16 0
0.006012 -0.16 0
0.006014 -0.16 0
0.006016 -0.16 0
0.006018 -0.16 0
0.00602 -0.16 0
0.006022 -0.24 0
0.006024 -0.16 0
0.006026 -0.16 0
0.006028 -0.16 0
0.00603 -0.16 0
0.006032 -0.16 0
0.006034 -0.24 0
0.006036 -0.16 0
0.006038 -0.16 0
0.00604 -0.24 0
0.006042 -0.16 0
0.006044 -0.24 0
0.006046 -0.16 0
0.006048 -0.16 0
0.00605 -0.24 0
0.006052 -0.16 0
0.006054 -0.16 0
0.006056 -0.24 0
0.006058 -0.24 0
0.00606 -0.16 0
0.006062 -0.16 0
0.006064 -0.16 0
0.006066 -0.24 0
0.006068 -0.16 0
0.00607 -0.16 0
0.006072 -0.24 0
0.006074 -0.24 0
0.006076 -0.16 0
0.006078 -0.24 0
0.00608 -0.16 0
0.006082 -0.16 0
0.006084 -0.16 0
0.006086 -0.24 0
0.006088 -0.24 0
0.00609 -0.16 0
0.006092 -0.16 0
0.006094 -0.24 0
0.006096 -0.16 0
0.006098 -0.16 0
0.0061 -0.16 0
0.006102 -0.16 0
0.006104 -0.24 0
0.006106 -0.16 0
0.006108 -0.24 0
0.00611 -0.16 0
0.006112 -0.16 0
0.006114 -0.16 0
0.006116 -0.16 0
0.006118 -0.24 0
0.00612 -0.16 0
0.006122 -0.16 0
0.006124 -0.24 0
0.006126 -0.16 0
0.006128 -0.24 0
0.00613 -0.24 0
0.006132 -0.16 0
0.006134 -0.24 0
0.006136 -0.16 0
0.006138 -0.16 0
0.00614 -0.16 0
0.006142 -0.16 0
0.006144 -0.24 0
0.006146 -0.24 0
0.006148 -0.16 0
0.00615 -0.16 0
0.006152 -0.16 0
0.006154 -0.16 0
0.006156 -0.24 0
0.006158 -0.16 0
0.00616 -0.16 0
0.006162 -0.24 0
0.006164 -0.16 0
0.006166 -0.16 0
0.006168 -0.16 0
0.00617 -0.16 0
0.006172 -0.16 0
0.006174 -0.16 0
0.006176 -0.16 0
0.006178 -0.16 0
0.00618 -0.24 0
0.006182 -0.24 0
0.006184 -0.24 0
0.006186 -0.16 0
0.006188 -0.16 0
0.00619 -0.16 0
0.006192 -0.16 0
0.006194 -0.16 0
0.006196 -0.24 0
0.006198 -0.16 0
0.0062 -0.24 0
0.006202 -0.24 0
0.006204 -0.24 0
0.006206 -0.16 0
0.006208 -0.16 0
0.00621 -0.16 0
0.006212 -0.16 0
0.006214 -0.16 0
0.006216 -0.16 0
0.006218 -0.16 0
0.00622 -0.16 0
0.006222 -0.16 0
0.006224 -0.16 0
0.006226 -0.24 0
0.006228 -0.16 0
0.00623 -0.24 0
0.006232 -0.16 0
0.006234 -0.16 0
0.006236 -0.24 0
0.006238 -0.24 0
0.00624 -0.16 0
0.006242 -0.16 0
0.006244 -0.16 0
0.006246 -0.16 0
0.006248 -0.16 0
0.00625 -0.16 0
0.006252 -0.16 0
0.006254 -0.16 0
0.006256 -0.16 0
0.006258 -0.16 0
0.00626 -0.16 0
0.006262 -0.16 0
0.006264 -0.24 0
0.006266 -0.16 0
0.006268 -0.16 0
0.00627 -0.16 0
0.006272 -0.24 0
0.006274 -0.16 0
0.006276 -0.24 0
0.006278 -0.24 0
0.00628 -0.16 0
0.006282 -0.24 0
0.006284 -0.16 0
0.006286 -0.24 0
0.006288 -0.16 0
0.00629 -0.16 0
0.006292 -0.16 0
0.006294 -0.24 0
0.006296 -0.16 0
0.006298 -0.24 0
0.0063 -0.16 0
0.006302 -0.16 0
0.006304 -0.16 0
0.006306 -0.16 0
0.006308 -0.16 0
0.00631 -0.16 0
0.006312 -0.16 0
0.006314 -0.16 0
0.006316 -0.24 0
0.006318 -0.16 0
0.00632 -0.16 0
0.006322 -0.24 0
0.006324 -0.16 0
0.006326 -0.24 0
0.006328 -0.16 0
0.00633 -0.24 0
0.006332 -0.16 0
0.006334 -0.16 0
0.006336 -0.16 0
0.006338 -0.24 0
0.00634 -0.16 0
0.006342 -0.24 0
0.006344 -0.16 0
0.006346 -0.24 0
0.006348 -0.24 0
0.00635 -0.16 0
0.006352 -0.24 0
0.006354 -0.24 0
0.006356 -0.16 0
0.006358 -0.16 0
0.00636 -0.16 0
0.006362 -0.16 0
0.006364 -0.16 0
0.006366 -0.16 0
0.006368 -0.16 0
0.00637 -0.16 0
0.006372 -0.16 0
0.006374 -0.16 0
0.006376 -0.16 0
0.006378 -0.24 0
0.00638 -0.16 0
0.006382 -0.16 0
0.006384 -0.16 0
0.006386 -0.16 0
0.006388 -0.16 0
0.00639 -0.24 0
0.006392 -0.16 0
0.006394 -0.16 0
0.006396 -0.16 0
0.006398 -0.16 0
0.0064 -0.24 0
0.006402 -0.16 0
0.006404 -0.24 0
0.006406 -0.16 0
0.006408 -0.24 0
0.00641 -0.24 0
0.006412 -0.16 0
0.006414 -0.16 0
0.006416 -0.24 0
0.006418 -0.16 0
0.00642 -0.24 0
0.006422 -0.16 0
0.006424 -0.16 0
0.006426 -0.16 0
0.006428 -0.16 0
0.00643 -0.24 0
0.006432 -0.16 0
0.006434 -0.24 0
0.006436 -0.16 0
0.006438 -0.16 0
0.00644 -0.16 0
0.006442 -0.24 0
0.006444 -0.16 0
0.006446 -0.16 0
0.006448 -0.24 0
0.00645 -0.24 0
0.006452 -0.16 0
0.006454 -0.16 0
0.006456 -0.16 0
0.006458 -0.16 0
0.00646 -0.24 0
0.006462 -0.16 0
0.006464 -0.24 0
0.006466 -0.16 0
0.006468 -0.24 0
0.00647 -0.16 0
0.006472 -0.24 0
0.006474 -0.24 0
0.006476 -0.16 0
0.006478 -0.24 0
0.00648 -0.16 0
0.006482 -0.16 0
0.006484 -0.16 0
0.006486 -0.16 0
0.006488 -0.24 0
0.00649 -0.16 0
0.006492 -0.16 0
0.006494 -0.16 0
0.006496 -0.16 0
0.006498 -0.16 0
0.0065 -0.16 0
0.006502 -0.24 0
0.006504 -0.24 0
0.006506 -0.16 0
0.006508 -0.24 0
0.00651 -0.24 0
0.006512 -0.16 0
0.006514 -0.16 0
0.006516 -0.16 0
0.006518 -0.16 0
0.00652 -0.24 0
0.006522 -0.24 0
0.006524 -0.24 0
0.006526 -0.16 0
0.006528 -0.16 0
0.00653 -0.24 0
0.006532 -0.24 0
0.006534 -0.24 0
0.006536 -0.24 0
0.006538 -0.16 0
0.00654 -0.24 0
0.006542 -0.16 0
0.006544 -0.16 0
0.006546 -0.24 0
0.006548 -0.16 0
0.00655 -0.16 0
0.006552 -0.16 0
0.006554 -0.16 0
0.006556 -0.16 0
0.006558 -0.16 0
0.00656 -0.24 0
0.006562 -0.24 0
0.006564 -0.24 0
0.006566 -0.24 0
0.006568 -0.16 0
0.00657 -0.24 0
0.006572 -0.16 0
0.006574 -0.16 0
0.006576 -0.24 0
0.006578 -0.16 0
0.00658 -0.24 0
0.006582 -0.16 0
0.006584 -0.16 0
0.006586 -0.16 0
0.006588 -0.24 0
0.00659 0 0
0.006592 -0.24 0
0.006594 -0.16 0
0.006596 0 0
0.006598 -0.24 0
0.0066 -0.16 0
0.006602 -0.24 0
0.006604 -0.16 0
0.006606 -0.16 0
0.006608 -0.24 0
0.00661 -0.16 0
0.006612 -0.16 0
0.006614 -0.16 0
0.006616 -0.16 0
0.006618 0 0
0.00662 -0.16 0
0.006622 -0.24 0
0.006624 -0.16 0
0.006626 -0.16 0
0.006628 -0.16 0
0.00663 -0.16 0
0.006632 -0.24 0
0.006634 -0.24 0
0.006636 -0.24 0
0.006638 -0.24 0
0.00664 -0.16 0
0.006642 0 0
0.006644 -0.16 0
0.006646 -0.16 0
0.006648 -0.16 0
0.00665 -0.24 0
0.006652 -0.16 0
0.006654 -0.24 0
0.006656 -0.16 0
0.006658 -0.24 0
0.00666 -0.24 0
0.006662 -0.24 0
0.006664 -0.16 0
0.006666 -0.24 0
0.006668 -0.24 0
0.00667 -0.16 0
0.006672 -0.16 0
0.006674 -0.24 0
0.006676 -0.24 0
0.006678 -0.16 0
0.00668 -0.24 0
0.006682 -0.16 0
0.006684 -0.24 0
0.006686 -0.16 0
0.006688 0 0
0.00669 -0.24 0
0.006692 -0.16 0
0.006694 -0.16 0
0.006696 -0.16 0
0.006698 -0.16 0
0.0067 -0.24 0
0.006702 -0.24 0
0.006704 -0.16 0
0.006706 -0.24 0
0.006708 -0.24 0
0.00671 -0.16 0
0.006712 -0.16 0
0.006714 -0.16 0
0.006716 -0.16 0
0.006718 -0.16 0
0.00672 -0.24 0
0.006722 -0.24 0
0.006724 -0.24 0
0.006726 -0.24 0
0.006728 -0.16 0
0.00673 -0.16 0
0.006732 -0.16 0
0.006734 -0.16 0
0.006736 -0.16 0
0.006738 0 0
0.00674 -0.24 0
0.006742 -0.16 0
0.006744 -0.16 0
0.006746 -0.16 0
0.006748 -0.24 0
0.00675 -0.16 0
0.006752 -0.24 0
0.006754 -0.24 0
0.006756 -0.16 0
0.006758 -0.16 0
0.00676 -0.16 0
0.006762 -0.16 0
0.006764 -0.16 0
0.006766 -0.24 0
0.006768 -0.16 0
0.00677 -0.16 0
0.006772 -0.24 0
0.006774 -0.16 0
0.006776 -0.16 0
0.006778 -0.16 0
0.00678 -0.24 0
0.006782 -0.16 0
0.006784 -0.16 0
0.006786 -0.24 0
0.006788 -0.24 0
0.00679 -0.24 0
0.006792 -0.24 0
0.006794 -0.24 0
0.006796 -0.24 0
0.006798 -0.24 0
0.0068 -0.16 0
0.006802 -0.16 0
0.006804 -0.24 0
0.006806 -0.24 0
0.006808 -0.16 0
0.00681 -0.16 0
0.006812 -0.24 0
0.006814 -0.16 0
0.006816 -0.16 0
0.006818 -0.24 0
0.00682 -0.24 0
0.006822 -0.16 0
0.006824 -0.16 0
0.006826 -0.16 0
0.006828 -0.16 0
0.00683 -0.24 0
0.006832 -0.16 0
0.006834 -0.16 0
0.006836 -0.16 0
0.006838 -0.16 0
0.00684 -0.16 0
0.006842 -0.16 0
0.006844 -0.16 0
0.006846 -0.24 0
0.006848 -0.16 0
0.00685 -0.24 0
0.006852 -0.16 0
0.006854 -0.16 0
0.006856 -0.24 0
0.006858 -0.16 0
0.00686 -0.16 0
0.006862 -0.16 0
0.006864 -0.16 0
0.006866 -0.24 0
0.006868 -0.24 0
0.00687 -0.16 0
0.006872 -0.24 0
0.006874 -0.16 0
0.006876 -0.16 0
0.006878 -0.16 0
0.00688 -0.24 0
0.006882 -0.16 0
0.006884 -0.24 0
0.006886 -0.16 0
0.006888 -0.16 0
0.00689 -0.16 0
0.006892 -0.24 0
0.006894 -0.16 0
0.006896 -0.16 0
0.006898 -0.16 0
0.0069 -0.24 0
0.006902 -0.16 0
0.006904 -0.16 0
0.006906 -0.16 0
0.006908 -0.24 0
0.00691 -0.16 0
0.006912 -0.16 0
0.006914 -0.16 0
0.006916 -0.16 0
0.006918 -0.24 0
0.00692 -0.16 0
0.006922 -0.16 0
0.006924 -0.16 0
0.006926 -0.24 0
0.006928 -0.16 0
0.00693 -0.16 0
0.006932 -0.16 0
0.006934 -0.16 0
0.006936 -0.24 0
0.006938 -0.16 0
0.00694 -0.16 0
0.006942 -0.16 0
0.006944 -0.16 0
0.006946 -0.16 0
0.006948 -0.24 0
0.00695 -0.24 0
0.006952 -0.16 0
0.006954 -0.24 0
0.006956 -0.16 0
0.006958 -0.16 0
0.00696 -0.16 0
0.006962 -0.16 0
0.006964 -0.16 0
0.006966 -0.16 0
0.006968 -0.16 0
0.00697 -0.16 0
0.006972 -0.16 0
0.006974 -0.24 0
0.006976 -0.16 0
0.006978 -0.16 0
0.00698 -0.24 0
0.006982 -0.16 0
0.006984 -0.16 0
0.006986 -0.16 0
0.006988 -0.16 0
0.00699 -0.16 0
0.006992 -0.24 0
0.006994 -0.16 0
0.006996 -0.16 0
0.006998 -0.16 0
0.007 -0.16 0
0.007002 -0.24 0
0.007004 -0.16 0
0.007006 -0.16 0
0.007008 -0.16 0
0.00701 -0.16 0
0.007012 -0.24 0
0.007014 -0.16 0
0.007016 -0.16 0
0.007018 -0.16 0
0.00702 -0.24 0
0.007022 -0.16 0
0.007024 -0.16 0
0.007026 -0.16 0
0.007028 -0.16 0
0.00703 -0.24 0
0.007032 -0.16 0
0.007034 -0.24 0
0.007036 -0.16 0
0.007038 -0.16 0
0.00704 -0.24 0
0.007042 -0.24 0
0.007044 -0.16 0
0.007046 -0.16 0
0.007048 -0.16 0
0.00705 -0.16 0
0.007052 -0.24 0
0.007054 -0.16 0
0.007056 -0.24 0
0.007058 -0.16 0
0.00706 -0.24 0
0.007062 -0.16 0
0.007064 -0.24 0
0.007066 -0.16 0
0.007068 -0.16 0
0.00707 -0.16 0
0.007072 -0.16 0
0.007074 -0.16 0
0.007076 -0.16 0
0.007078 -0.16 0
0.00708 -0.24 0
0.007082 -0.24 0
0.007084 -0.24 0
0.007086 -0.24 0
0.007088 -0.16 0
0.00709 -0.16 0
0.007092 -0.16 0
0.007094 -0.16 0
0.007096 -0.16 0
0.007098 -0.16 0
0.0071 -0.16 0
0.007102 -0.16 0
0.007104 -0.24 0
0.007106 -0.16 0
0.007108 -0.16 0
0.00711 -0.16 0
0.007112 -0.24 0
0.007114 -0.24 0
0.007116 -0.16 0
0.007118 -0.16 0
0.00712 -0.16 0
0.007122 -0.16 0
0.007124 -0.24 0
0.007126 -0.16 0
0.007128 -0.16 0
0.00713 -0.16 0
0.007132 -0.16 0
0.007134 -0.16 0
0.007136 -0.16 0
0.007138 -0.16 0
0.00714 -0.16 0
0.007142 -0.16 0
0.007144 -0.16 0
0.007146 -0.16 0
0.007148 -0.16 0
0.00715 -0.24 0
0.007152 -0.16 0
0.007154 -0.16 0
0.007156 -0.24 0
0.007158 -0.24 0
0.00716 -0.16 0
0.007162 -0.16 0
0.007164 -0.16 0
0.007166 -0.24 0
0.007168 -0.16 0
0.00717 -0.16 0
0.007172 -0.16 0
0.007174 -0.16 0
0.007176 -0.16 0
0.007178 -0.16 0
0.00718 -0.16 0
0.007182 4.56 0
0.007184 4.64 0
0.007186 4.64 0
0.007188 4.64 0
0.00719 4.64 0
0.007192 4.72 0
0.007194 4.64 0
0.007196 4.72 0
0.007198 4.64 0
0.0072 4.72 0
0.007202 4.72 0
0.007204 4.64 0
0.007206 4.64 0
0.007208 4.64 0
0.00721 4.64 0
0.007212 4.72 0
0.007214 4.64 0
0.007216 4.64 0
0.007218 4.72 0
0.00722 4.72 0
0.007222 4.64 0
0.007224 4.72 0
0.007226 4.72 0
0.007228 4.72 0
0.00723 4.64 0
0.007232 4.72 0
0.007234 4.64 0
0.007236 4.64 0
0.007238 4.64 0
0.00724 4.64 0
0.007242 4.72 0
0.007244 4.64 0
0.007246 4.64 0
0.007248 4.64 0
0.00725 4.72 0
0.007252 4.64 0
0.007254 4.64 0
0.007256 4.64 0
0.007258 4.64 0
0.00726 4.64 0
0.007262 4.72 0
0.007264 4.64 0
0.007266 4.64 0
0.007268 4.72 0
0.00727 4.64 0
0.007272 4.72 0
0.007274 4.64 0
0.007276 4.64 0
0.007278 4.72 0
0.00728 4.64 0
0.007282 4.64 0
0.007284 4.64 0
0.007286 4.64 0
0.007288 4.72 0
0.00729 4.72 0
0.007292 4.64 0
0.007294 4.64 0
0.007296 4.72 0
0.007298 4.72 0
0.0073 4.64 0
0.007302 4.72 0
0.007304 4.72 0
0.007306 4.72 0
0.007308 4.72 0
0.00731 4.64 0
0.007312 4.64 0
0.007314 4.64 0
0.007316 4.72 0
0.007318 4.72 0
0.00732 4.72 0
0.007322 4.64 0
0.007324 4.64 0
0.007326 4.64 0
0.007328 4.64 0
0.00733 4.64 0
0.007332 4.64 0
0.007334 4.64 0
0.007336 4.64 0
0.007338 4.72 0
0.00734 4.72 0
0.007342 4.64 0
0.007344 4.72 0
0.007346 4.72 0
0.007348 4.72 0
0.00735 4.64 0
0.007352 4.64 0
0.007354 4.64 0
0.007356 4.72 0
0.007358 4.72 0
0.00736 4.64 0
0.007362 4.64 0
0.007364 4.72 0
0.007366 4.72 0
0.007368 4.64 0
0.00737 4.64 0
0.007372 4.64 0
0.007374 4.64 0
0.007376 4.64 0
0.007378 4.72 0
0.00738 4.72 0
0.007382 4.64 0
0.007384 4.64 0
0.007386 4.72 0
0.007388 4.64 0
0.00739 4.72 0
0.007392 4.64 0
0.007394 4.64 0
0.007396 4.64 0
0.007398 4.64 0
0.0074 4.72 0
0.007402 4.64 0
0.007404 4.64 0
0.007406 4.64 0
0.007408 4.64 0
0.00741 4.72 0
0.007412 4.64 0
0.007414 4.72 0
0.007416 4.72 0
0.007418 4.64 0
0.00742 4.64 0
0.007422 4.64 0
0.007424 4.64 0
0.007426 4.64 0
0.007428 4.64 0
0.00743 4.64 0
0.007432 4.64 0
0.007434 4.64 0
0.007436 4.64 0
0.007438 4.72 0
0.00744 4.64 0
0.007442 4.64 0
0.007444 4.72 0
0.007446 4.64 0
0.007448 4.64 0
0.00745 4.64 0
0.007452 4.72 0
0.007454 4.64 0
0.007456 4.64 0
0.007458 4.64 0
0.00746 4.64 0
0.007462 4.64 0
0.007464 4.64 0
0.007466 4.72 0
0.007468 4.72 0
0.00747 4.72 0
0.007472 4.72 0
0.007474 4.64 0
0.007476 4.64 0
0.007478 4.72 0
0.00748 4.64 0
0.007482 4.72 0
0.007484 4.72 0
0.007486 4.72 0
0.007488 4.64 0
0.00749 4.64 0
0.007492 4.64 0
0.007494 4.64 0
0.007496 4.64 0
0.007498 4.64 0
0.0075 4.64 0
0.007502 4.64 0
0.007504 4.72 0
0.007506 4.64 0
0.007508 4.64 0
0.00751 4.64 0
0.007512 4.72 0
0.007514 4.72 0
0.007516 4.64 0
0.007518 4.64 0
0.00752 4.64 0
0.007522 4.64 0
0.007524 4.64 0
0.007526 4.64 0
0.007528 4.64 0
0.00753 4.64 0
0.007532 4.72 0
0.007534 4.64 0
0.007536 4.72 0
0.007538 4.72 0
0.00754 4.64 0
0.007542 4.64 0
0.007544 4.64 0
0.007546 4.64 0
0.007548 4.64 0
0.00755 4.64 0
0.007552 4.64 0
0.007554 4.72 0
0.007556 4.72 0
0.007558 4.72 0
0.00756 4.72 0
0.007562 4.64 0
0.007564 4.64 0
0.007566 4.72 0
0.007568 4.64 0
0.00757 4.64 0
0.007572 4.72 0
0.007574 4.64 0
0.007576 4.72 0
0.007578 4.64 0
0.00758 4.72 0
0.007582 4.72 0
0.007584 4.64 0
0.007586 4.72 0
0.007588 4.64 0
0.00759 4.64 0
0.007592 4.64 0
0.007594 4.64 0
0.007596 4.64 0
0.007598 4.64 0
0.0076 4.64 0
0.007602 4.72 0
0.007604 4.64 0
0.007606 4.72 0
0.007608 4.72 0
0.00761 4.72 0
0.007612 4.72 0
0.007614 4.64 0
0.007616 4.64 0
0.007618 4.72 0
0.00762 4.72 0
0.007622 4.72 0
0.007624 4.64 0
0.007626 4.64 0
0.007628 4.64 0
0.00763 4.64 0
0.007632 4.72 0
0.007634 4.64 0
0.007636 4.64 0
0.007638 4.72 0
0.00764 4.64 0
0.007642 4.72 0
0.007644 4.72 0
0.007646 4.64 0
0.007648 4.72 0
0.00765 4.64 0
0.007652 4.64 0
0.007654 4.64 0
0.007656 4.64 0
0.007658 4.64 0
0.00766 4.64 0
0.007662 4.64 0
0.007664 4.64 0
0.007666 4.64 0
0.007668 4.64 0
0.00767 4.64 0
0.007672 4.64 0
0.007674 4.64 0
0.007676 4.72 0
0.007678 4.72 0
0.00768 4.64 0
0.007682 4.64 0
0.007684 4.72 0
0.007686 4.64 0
0.007688 4.72 0
0.00769 4.64 0
0.007692 4.64 0
0.007694 4.64 0
0.007696 4.72 0
0.007698 4.72 0
0.0077 4.64 0
0.007702 4.64 0
0.007704 4.72 0
0.007706 4.72 0
0.007708 4.64 0
0.00771 4.64 0
0.007712 4.64 0
0.007714 4.72 0
0.007716 4.72 0
0.007718 4.64 0
0.00772 4.72 0
0.007722 4.64 0
0.007724 4.64 0
0.007726 4.64 0
0.007728 4.64 0
0.00773 4.64 0
0.007732 4.64 0
0.007734 4.64 0
0.007736 4.64 0
0.007738 4.64 0
0.00774 4.72 0
0.007742 4.64 0
0.007744 4.72 0
0.007746 4.64 0
0.007748 4.72 0
0.00775 4.64 0
0.007752 4.72 0
0.007754 4.72 0
0.007756 4.64 0
0.007758 4.64 0
0.00776 4.64 0
0.007762 4.64 0
0.007764 4.72 0
0.007766 4.64 0
0.007768 4.72 0
0.00777 4.72 0
0.007772 4.64 0
0.007774 4.64 0
0.007776 4.64 0
0.007778 4.64 0
0.00778 4.64 0
0.007782 4.64 0
0.007784 4.64 0
0.007786 4.72 0
0.007788 4.64 0
0.00779 4.64 0
0.007792 4.72 0
0.007794 4.72 0
0.007796 4.72 0
0.007798 4.64 0
0.0078 4.64 0
0.007802 4.64 0
0.007804 4.64 0
0.007806 4.64 0
0.007808 4.64 0
0.00781 4.64 0
0.007812 4.64 0
0.007814 4.72 0
0.007816 4.64 0
0.007818 4.64 0
0.00782 4.64 0
0.007822 4.64 0
0.007824 4.64 0
0.007826 4.64 0
0.007828 4.64 0
0.00783 4.64 0
0.007832 4.64 0
0.007834 4.64 0
0.007836 4.64 0
0.007838 4.64 0
0.00784 4.72 0
0.007842 4.64 0
0.007844 4.64 0
0.007846 4.64 0
0.007848 4.64 0
0.00785 4.72 0
0.007852 4.64 0
0.007854 4.64 0
0.007856 4.64 0
0.007858 4.72 0
0.00786 4.72 0
0.007862 4.72 0
0.007864 4.72 0
0.007866 4.64 0
0.007868 4.64 0
0.00787 4.64 0
0.007872 4.72 0
0.007874 4.64 0
0.007876 4.64 0
0.007878 4.64 0
0.00788 4.64 0
0.007882 4.64 0
0.007884 4.64 0
0.007886 4.72 0
0.007888 4.64 0
0.00789 4.64 0
0.007892 4.64 0
0.007894 4.64 0
0.007896 4.64 0
0.007898 4.64 0
0.0079 4.72 0
0.007902 4.64 0
0.007904 4.64 0
0.007906 4.64 0
0.007908 4.72 0
0.00791 4.64 0
0.007912 4.72 0
0.007914 4.72 0
0.007916 4.64 0
0.007918 4.64 0
0.00792 4.64 0
0.007922 4.64 0
0.007924 4.64 0
0.007926 4.64 0
0.007928 4.64 0
0.00793 4.64 0
0.007932 4.64 0
0.007934 4.72 0
0.007936 4.72 0
0.007938 4.64 0
0.00794 4.64 0
0.007942 4.64 0
0.007944 4.72 0
0.007946 4.64 0
0.007948 4.72 0
0.00795 4.64 0
0.007952 4.64 0
0.007954 4.64 0
0.007956 4.64 0
0.007958 4.72 0
0.00796 4.64 0
0.007962 4.72 0
0.007964 4.64 0
0.007966 4.64 0
0.007968 4.64 0
0.00797 4.64 0
0.007972 4.64 0
0.007974 4.64 0
0.007976 4.64 0
0.007978 4.64 0
0.00798 4.64 0
0.007982 4.72 0
0.007984 0 0
0.007986 -0.16 0
0.007988 -0.16 0
0.00799 -0.16 0
0.007992 -0.16 0
0.007994 -0.24 0
0.007996 -0.16 0
0.007998 -0.16 0
